13 9
143 223 187 104 151 203 81 39 103 225 107 41 132 1 35 130 71 204 165 148 250 188 146 88 73 98 232
218 139 130 214 191 169 183 173 18 177 248 223 46 54 171 138 210 148 16 224 54 174 103 63 195 143 101
86 154 83 23 75 168 116 242 205 139 193 96 208 133 254 113 140 136 125 115 182 53 100 222 254 37 227
75 247 200 28 251 68 66 60 209 113 140 136 113 140 136 79 175 84 19 203 240 197 5 180 242 51 196
171 245 66 14 50 82 130 71 204 217 73 27 116 242 205 172 253 107 36 238 19 237 152 34 171 245 66
239 116 89 4 78 188 144 121 24 205 6 40 37 62 215 150 168 127 180 92 208 215 239 151 115 45 31
44 122 29 251 226 207 219 142 160 28 251 68 10 72 14 146 232 226 56 120 176 210 14 20 217 73 27
247 212 158 41 192 87 10 72 14 95 204 26 38 90 33 193 174 211 140 169 255 193 174 211 72 31 131
125 115 182 138 210 148 78 83 142 239 116 89 101 162 51 110 147 206 38 90 33 45 145 129 167 252 162
98 76 36 34 69 214 45 145 129 200 183 220 171 245 66 201 166 229 154 79 62 167 252 162 78 83 142
196 246 25 115 45 31 64 4 28 154 79 62 19 203 240 181 127 190 75 247 200 42 105 98 46 54 171
144 121 24 156 96 184 251 226 207 19 203 240 71 150 5 193 174 211 36 238 19 7 91 90 14 50 82
169 144 60 3 44 53 183 173 18 187 207 133 243 117 22 151 156 126 46 54 171 152 101 224 205 6 40
