10 10
126 187 187 244 216 21 234 81 163 49 192 44 155 107 146 82 33 31 244 216 21 87 57 159 248 109 79 120 190 13
21 57 198 84 93 237 172 89 62 131 133 208 190 46 103 244 216 21 62 25 179 1 97 78 1 97 78 111 66 189
115 181 105 82 33 31 190 46 103 254 106 152 141 65 159 240 54 137 115 181 105 170 143 156 0 197 60 226 41 96
248 109 79 34 124 97 254 106 152 67 25 246 192 233 130 15 100 117 158 147 41 223 106 214 226 41 96 48 165 218
67 25 246 7 203 75 146 234 106 82 33 31 115 175 181 244 223 47 153 128 171 0 197 60 7 203 75 74 105 89
255 73 108 254 106 152 170 226 133 166 195 241 166 170 179 158 147 41 32 164 209 170 226 133 32 164 209 0 197 60
146 234 106 109 58 22 216 167 23 0 197 60 170 143 156 62 25 179 48 165 218 170 241 129 42 160 219 194 155 223
64 220 179 245 161 109 7 203 75 0 217 75 67 25 246 53 242 76 53 242 76 134 7 170 121 114 234 109 58 22
229 49 58 146 234 106 111 66 189 123 54 156 192 233 130 152 35 14 141 65 159 123 54 156 32 246 150 156 253 146
121 111 31 145 231 88 39 9 253 255 73 108 210 172 115 15 100 117 121 114 234 226 95 98 245 161 109 170 226 133
