96 12
106 254 16 218 193 217 95 242 191 210 83 19 88 6 37 61 2 109 221 193 223 68 95 13 123 36 77 136 238 138 51 122 103 114 169 98
249 7 27 18 43 99 146 236 64 252 67 103 94 95 253 7 6 191 197 106 102 132 147 29 7 204 99 83 6 164 134 166 78 131 159 88
170 50 49 138 97 247 215 40 89 123 18 195 181 78 126 136 157 241 245 227 165 90 145 88 100 225 110 206 77 235 64 211 22 187 245 112
243 23 155 92 161 199 94 149 21 251 37 4 52 236 153 89 18 46 57 194 108 129 69 242 255 4 238 151 39 99 244 38 108 151 139 61
14 174 134 169 198 17 119 116 215 20 53 38 6 179 213 28 95 190 229 160 155 194 20 250 213 102 107 207 216 61 245 227 165 150 151 53
146 241 96 40 50 1 154 59 172 142 38 165 231 35 76 150 98 30 20 53 38 224 99 82 96 238 105 157 188 249 27 193 54 136 21 238
127 154 255 38 181 112 38 195 227 70 12 59 71 225 104 119 72 151 35 29 216 56 20 189 84 88 57 44 187 3 18 142 200 189 241 23
102 195 69 199 196 115 34 194 154 88 14 177 100 225 110 117 184 231 154 13 13 77 206 243 168 104 233 93 9 187 64 255 247 31 154 221
179 230 93 53 117 71 114 169 98 162 83 8 77 5 199 249 111 181 203 41 108 246 120 232 114 92 102 185 223 102 16 243 41 157 71 241
164 228 214 226 250 137 169 64 167 74 72 210 173 245 143 14 176 211 37 103 88 154 59 172 165 239 2 158 84 57 117 193 51 137 119 250
71 225 104 251 161 81 244 38 108 161 93 149 119 72 151 71 46 165 55 73 58 11 100 149 172 122 73 145 23 140 137 170 2 32 109 65
40 50 1 185 165 82 143 169 4 213 0 186 103 217 102 145 183 135 135 202 58 14 219 105 119 180 209 254 17 189 37 157 43 160 195 188
207 249 73 64 8 9 180 136 33 214 119 13 166 137 82 9 88 157 0 136 136 25 78 56 5 97 149 98 17 152 9 173 251 64 38 69
203 175 75 10 35 229 243 203 245 85 127 144 92 9 225 144 68 62 74 63 243 115 99 220 92 169 71 65 133 216 95 22 88 84 88 57
64 204 164 254 17 189 170 238 250 188 133 46 181 78 126 127 154 255 79 151 141 203 232 212 24 96 139 162 135 153 156 189 119 26 237 166
52 111 93 9 88 157 203 114 64 61 20 125 144 68 62 174 89 197 124 242 186 11 76 233 241 206 109 201 207 83 207 44 72 34 143 242
74 88 44 161 150 96 138 147 119 243 203 245 18 113 240 146 219 171 152 232 137 194 218 160 22 163 21 144 68 62 116 147 177 224 126 198
146 219 171 55 73 58 157 36 111 71 198 59 229 247 63 201 207 83 79 151 141 100 225 110 185 165 82 116 147 177 82 198 122 229 162 10
223 14 117 69 245 10 111 50 150 141 220 44 23 172 99 38 181 112 52 26 32 180 189 2 137 38 150 154 90 196 23 163 203 238 6 228
151 39 99 137 119 250 231 36 1 70 12 59 137 119 250 174 102 5 108 44 72 87 161 253 232 141 114 68 95 13 220 230 187 147 164 168
229 247 63 95 187 234 209 255 33 96 4 20 240 182 90 3 9 106 110 17 138 207 249 73 108 26 182 157 43 20 187 226 127 137 130 215
136 21 238 133 66 7 192 91 104 73 187 206 152 70 105 157 43 20 185 95 242 199 69 252 89 18 46 248 255 136 13 55 210 26 87 97
14 176 211 12 30 2 33 26 212 106 211 11 151 49 52 35 244 254 36 240 242 70 53 234 84 88 57 96 238 105 249 7 27 229 247 63
155 14 195 225 30 155 129 109 214 217 221 86 35 174 181 20 171 236 35 83 102 58 219 116 238 14 77 83 9 206 210 75 46 53 126 245
248 35 199 252 188 43 241 206 109 28 212 124 166 129 19 219 59 180 51 162 104 102 216 11 201 109 223 123 32 181 39 240 4 223 72 151
89 97 91 89 70 144 214 17 176 179 221 146 221 107 235 117 24 67 251 161 81 237 145 105 174 89 197 189 61 229 95 187 234 167 97 56
154 59 172 55 62 57 3 223 153 123 48 109 114 129 208 181 109 158 180 248 59 50 195 185 28 25 1 120 60 235 225 6 17 203 114 64
201 136 136 90 212 6 57 194 108 63 181 252 12 164 54 242 23 29 91 66 207 175 244 51 134 89 96 122 241 4 124 240 178 199 196 115
248 226 212 34 143 242 210 29 32 243 203 245 197 210 138 14 174 134 92 161 199 157 71 241 141 220 44 226 166 19 215 19 106 84 245 64
14 14 191 92 9 225 93 210 9 249 7 27 48 29 53 33 244 180 237 201 40 157 232 223 0 192 150 230 80 210 221 50 222 189 61 229
53 158 111 34 194 154 249 7 27 20 158 78 155 25 105 37 73 185 253 7 86 180 136 33 128 105 123 153 4 155 188 133 46 194 88 242
194 218 160 57 5 13 41 72 9 105 207 177 168 104 233 7 147 52 32 110 253 135 58 42 22 69 97 131 117 252 157 36 111 11 76 233
53 126 245 97 145 139 22 208 109 102 50 156 133 176 230 32 110 253 166 249 12 6 22 191 225 64 218 129 69 242 198 76 245 92 82 44
32 134 25 13 6 174 130 229 148 232 143 101 27 241 100 168 147 183 157 71 241 207 44 72 145 23 140 181 109 158 61 21 45 66 96 239
244 38 108 201 158 103 173 231 191 165 182 27 6 147 91 252 188 43 51 162 104 164 189 18 203 175 75 137 130 215 8 249 134 68 95 13
146 241 96 124 242 186 184 160 237 93 210 9 96 4 20 181 186 179 32 134 25 63 61 55 170 99 36 53 74 164 64 204 164 71 48 222
149 202 251 201 207 83 224 99 82 229 63 46 180 189 2 84 153 107 165 55 224 117 184 231 119 25 191 32 153 253 87 134 65 192 169 78
252 67 103 33 200 228 109 106 217 20 231 28 84 88 57 229 247 63 81 253 92 206 77 235 51 162 104 229 63 46 95 58 194 127 154 255
43 176 107 96 216 205 137 130 215 132 229 177 228 118 203 106 150 243 139 188 140 252 180 175 123 48 109 242 23 29 227 113 153 197 210 138
252 156 4 146 236 64 79 151 141 34 22 25 248 203 170 249 80 6 162 135 153 133 66 7 170 238 250 143 217 4 66 96 239 33 200 228
156 172 100 160 195 188 210 173 31 85 187 107 210 182 220 131 159 88 8 44 45 249 7 27 210 240 199 252 156 4 111 222 250 38 181 112
8 93 57 152 254 96 104 81 18 222 97 242 61 103 202 113 135 123 145 23 140 49 186 74 14 144 16 79 92 93 145 1 151 200 25 106
20 170 104 6 147 91 146 241 96 221 50 222 7 147 52 106 80 230 38 195 227 77 175 218 224 126 198 148 219 139 95 223 171 216 101 48
126 194 144 137 38 150 39 50 231 92 192 49 139 151 238 80 126 209 44 254 234 106 211 11 185 104 20 14 14 191 203 175 75 28 118 151
77 66 182 2 116 174 207 99 138 157 219 174 135 50 102 105 209 14 99 186 203 143 217 4 92 218 24 123 32 181 179 175 39 65 208 87
229 160 155 146 236 64 128 249 243 215 19 106 110 47 162 144 186 213 236 31 188 32 109 65 145 23 140 68 22 53 224 99 82 236 90 166
1 224 232 23 163 203 117 24 67 46 213 148 233 159 193 133 236 166 232 141 114 119 180 209 181 109 158 61 21 45 53 117 71 37 157 43
179 175 39 1 43 139 117 255 205 235 131 46 87 88 65 55 68 65 92 161 199 20 170 104 67 118 7 69 245 10 44 193 231 62 34 176
0 135 132 19 133 193 71 226 146 201 109 223 110 27 76 199 84 240 215 226 179 73 174 140 6 179 213 134 142 98 4 57 139 179 41 163
241 206 109 249 7 27 77 66 182 131 159 88 186 55 86 225 70 85 80 126 209 189 61 229 229 63 46 37 73 185 187 226 127 199 242 124
53 158 111 160 195 188 199 241 184 192 2 179 210 173 31 191 11 204 99 111 209 16 206 28 118 155 249 167 210 187 188 119 77 122 76 236
122 241 4 65 208 87 187 245 112 98 174 150 34 194 154 76 49 168 60 52 170 19 63 89 120 72 199 158 84 57 37 157 43 151 139 61
210 73 229 186 170 212 243 142 194 216 43 34 114 54 74 230 0 149 95 242 191 14 176 211 128 249 145 248 226 212 35 29 216 151 14 128
254 185 219 114 213 67 207 27 241 41 30 64 76 49 168 88 14 177 93 230 35 246 194 73 189 228 221 92 218 24 145 183 135 215 213 184
24 96 139 210 240 199 100 129 183 85 132 44 217 221 86 85 208 54 234 121 53 58 32 231 238 6 228 164 105 84 82 198 122 159 41 14
16 120 206 137 76 155 32 134 25 52 111 93 244 38 108 175 244 51 187 245 112 40 61 163 9 173 251 37 153 171 72 147 143 106 80 230
63 110 205 93 9 187 73 187 206 146 219 171 244 38 108 13 246 118 64 204 164 79 41 49 157 188 249 243 203 245 131 117 252 213 0 186
117 255 205 187 226 127 16 243 41 160 195 188 233 196 107 60 52 170 246 194 73 121 110 38 72 147 143 97 145 139 206 9 190 247 41 210
206 110 249 165 239 2 137 52 91 248 203 170 251 161 81 214 119 13 77 206 243 137 170 2 195 101 151 121 110 38 95 223 171 166 136 75
179 220 251 136 21 238 153 4 155 33 26 212 22 163 21 199 242 124 168 104 233 80 126 209 96 216 205 157 219 174 130 229 148 39 236 252
92 161 199 167 210 187 151 139 61 5 112 101 41 172 180 71 198 59 79 92 93 90 240 160 232 141 114 120 60 235 151 49 52 52 111 93
191 217 94 125 225 127 205 186 38 37 157 43 158 84 57 194 218 160 126 75 100 102 169 1 202 251 94 136 157 241 180 189 2 12 207 35
205 186 38 23 122 29 96 216 205 92 161 199 57 84 64 110 141 247 169 64 167 39 50 231 222 97 242 31 154 221 42 46 34 180 250 173
92 192 49 105 209 14 25 78 56 2 9 29 98 209 77 19 63 89 146 236 64 136 238 138 74 88 44 44 254 234 79 138 162 63 26 75
39 240 4 175 47 72 8 44 45 215 226 179 225 30 155 18 93 198 133 66 7 104 204 141 217 10 254 18 57 18 206 110 249 90 145 88
110 8 12 16 243 41 6 74 253 109 106 217 93 210 9 153 183 65 18 113 240 163 113 148 130 229 148 90 145 88 105 39 93 211 158 229
199 214 22 81 253 92 216 43 34 100 129 183 216 43 34 183 96 77 48 234 30 16 120 206 133 185 27 136 157 241 110 47 162 157 36 111
37 103 88 163 135 29 252 199 173 41 56 233 213 108 184 126 194 144 157 219 174 183 96 77 102 195 69 133 185 27 51 122 103 206 215 176
50 76 234 226 41 20 73 187 206 82 48 10 174 215 48 38 12 46 203 41 108 253 7 86 230 241 168 43 241 221 69 122 37 157 71 241
58 219 116 34 133 44 77 5 199 66 96 239 131 255 59 102 216 11 166 249 12 39 240 4 123 34 139 35 83 102 16 243 41 253 7 86
76 81 116 90 26 32 188 133 46 245 227 165 94 101 90 180 250 173 194 44 175 195 30 228 210 83 19 112 82 238 11 100 149 211 135 69
144 68 62 40 97 172 225 64 218 108 26 182 26 230 129 168 147 183 5 97 149 175 122 15 140 225 166 120 60 235 160 151 175 54 203 229
37 0 40 95 58 194 123 48 109 241 194 72 151 237 36 32 109 65 244 177 78 137 130 215 128 105 123 154 59 172 160 18 52 71 46 165
35 244 254 206 9 190 100 225 110 232 99 169 136 32 169 8 171 6 57 72 18 50 195 185 42 46 34 187 226 127 77 5 199 173 231 191
52 236 153 111 50 150 50 195 185 57 19 237 110 47 162 61 196 204 124 22 65 42 3 85 40 50 1 24 121 15 241 206 109 140 184 98
6 147 91 137 38 150 185 95 242 26 237 166 106 237 119 223 244 0 59 43 148 156 189 119 210 240 199 135 58 42 89 199 225 17 70 47
145 1 151 228 108 87 211 158 229 181 109 158 60 52 170 188 70 171 156 189 119 192 2 179 138 147 119 29 237 197 131 41 234 12 173 245
206 186 117 230 241 168 157 232 223 62 58 232 161 150 96 137 119 250 2 9 29 214 119 13 166 136 75 214 119 13 226 25 174 22 213 157
114 92 102 1 43 139 154 13 13 234 80 237 225 70 85 43 241 221 200 25 106 27 130 165 65 133 216 38 195 227 210 75 46 229 247 63
215 208 89 0 165 227 216 43 34 3 153 228 109 142 255 109 142 255 197 106 102 242 205 246 120 223 92 95 22 88 53 117 71 104 164 234
13 246 118 88 6 37 20 171 236 157 43 20 8 171 6 173 167 102 131 159 88 95 223 171 99 186 203 74 163 1 134 142 98 194 20 250
169 64 167 165 26 180 115 99 220 74 63 243 172 54 129 91 115 75 92 169 71 98 174 150 113 135 123 148 113 98 79 106 91 86 51 106
241 194 72 179 238 113 228 108 87 162 116 240 59 211 121 35 157 19 98 78 37 18 142 200 39 84 174 170 220 151 88 14 177 123 34 139
70 12 59 146 241 96 199 214 22 114 129 208 42 248 215 166 249 12 182 160 193 142 191 6 99 186 203 189 241 23 53 158 111 244 177 78
180 248 59 38 12 46 174 89 197 39 226 151 252 199 173 83 6 164 26 37 140 187 245 112 122 76 236 35 83 102 77 5 199 52 26 32
82 198 122 97 90 42 53 158 111 41 153 151 18 142 200 26 237 166 4 85 32 74 88 44 255 75 21 157 36 111 191 83 74 170 238 250
77 206 251 185 95 242 197 106 102 185 95 242 152 232 137 21 188 140 92 192 49 199 241 184 162 22 158 146 241 96 169 226 246 191 83 74
118 7 83 106 237 119 14 211 27 26 237 166 199 196 115 131 159 88 118 7 83 190 116 119 206 9 190 185 95 242 63 61 55 110 47 162
95 187 234 198 76 245 0 136 136 162 77 135 42 164 90 171 203 255 0 165 227 22 213 157 93 230 35 92 9 225 157 36 111 250 21 49
123 32 181 19 133 193 42 164 90 28 28 226 12 197 217 241 238 105 138 147 119 92 9 151 108 139 119 252 67 103 238 182 117 129 69 242
125 225 127 22 163 21 104 12 121 178 58 8 138 147 119 169 64 167 243 203 245 88 6 37 170 99 36 251 37 4 45 185 126 10 35 229
71 48 222 152 232 137 152 232 137 110 39 196 220 230 187 41 72 9 195 101 151 16 206 28 150 151 53 199 241 184 14 219 105 134 89 96
199 84 240 66 56 49 33 185 129 67 141 79 189 130 251 243 23 155 223 72 151 153 4 155 12 207 35 162 22 158 17 91 193 174 102 5
89 70 144 191 217 94 79 92 93 117 184 231 20 170 104 91 66 207 168 104 233 57 50 59 49 186 74 116 235 64 25 233 104 128 105 123
66 56 49 110 46 173 210 83 19 65 208 87 137 119 250 157 43 20 217 245 71 74 88 44 40 209 63 168 126 44 57 72 18 169 226 246
251 89 63 165 55 224 192 2 179 77 5 199 197 106 102 100 129 183 210 182 220 92 218 24 143 59 220 131 255 59 175 94 202 162 22 158
