45 2
219 20 37 148 174 154
44 104 22 247 99 19
22 27 148 247 99 19
33 237 226 188 138 151
221 67 170 8 106 35
51 89 103 11 109 139
18 92 152 62 134 122
71 128 105 243 143 255
35 152 53 49 22 165
44 104 22 107 230 147
110 5 86 96 142 249
69 151 28 69 151 28
33 237 226 98 25 116
86 88 0 183 240 184
64 87 71 183 240 184
108 75 190 211 60 76
240 71 100 104 43 209
240 71 100 64 87 71
124 244 95 18 92 152
221 67 170 78 186 204
37 96 217 85 242 55
69 151 28 175 100 92
181 224 194 44 104 22
66 157 36 215 115 238
124 244 95 221 67 170
179 66 120 215 115 238
9 105 236 243 143 255
71 128 105 243 143 255
61 214 17 106 98 39
104 43 209 246 227 244
52 17 182 154 28 174
52 17 182 76 184 242
23 246 66 49 22 165
49 22 165 138 40 5
11 109 139 181 224 194
189 177 200 235 15 33
235 15 33 62 134 122
30 245 142 41 236 215
29 253 60 85 242 55
140 171 67 86 88 0
153 57 123 62 134 122
178 225 8 78 186 204
61 214 17 104 43 209
225 69 61 219 20 37
116 4 132 255 200 130
