66 51
36 212 177 186 217 184 26 76 201 94 32 218 221 206 200 179 50 218 70 92 75 175 236 180 248 116 210 149 10 43 164 47 52 0 205 88 162 246 121 4 250 142 184 57 172 170 54 235 134 44 196 128 4 186 251 190 246 78 31 117 99 198 238 53 92 147 36 177 28 14 119 243 130 17 113 21 221 71 39 199 249 194 183 255 216 247 37 185 222 50 146 238 247 188 83 20 146 60 74 243 115 22 31 189 89 138 45 108 40 246 48 138 16 105 66 150 55 138 188 0 67 143 139 153 27 244 240 72 94 251 133 34 119 183 2 129 58 240 148 124 102 113 20 184 34 23 34 61 128 128 142 25 57
117 211 110 59 192 143 144 59 239 14 44 99 23 106 14 75 110 42 58 214 235 13 76 49 125 24 98 31 73 224 113 230 35 150 98 87 12 64 143 38 122 181 200 91 182 133 16 129 90 131 24 220 41 182 73 96 143 76 236 157 171 17 104 126 49 241 154 224 231 26 193 25 186 217 78 54 60 88 243 114 202 163 130 179 202 152 150 98 81 163 177 57 79 148 16 180 112 204 27 140 162 29 143 197 31 22 11 39 65 32 69 18 220 150 20 142 112 153 161 97 241 33 12 98 128 229 7 186 84 77 190 159 51 119 245 63 245 78 18 28 112 250 175 157 63 200 196 32 3 158 6 168 213
216 103 108 189 71 36 76 130 97 205 229 177 13 211 51 45 196 17 111 28 25 14 12 226 185 222 50 67 25 134 147 233 165 147 145 204 76 130 97 137 211 130 108 138 199 30 130 122 80 98 209 232 213 89 40 31 160 137 87 172 123 163 251 162 66 134 75 169 91 77 74 242 43 249 50 146 190 120 76 211 30 101 161 115 33 59 24 77 201 97 38 222 69 161 194 186 94 24 15 39 199 249 191 177 100 24 137 182 216 148 137 212 158 134 38 122 181 96 101 239 227 218 151 217 116 207 83 154 220 33 252 216 143 160 191 198 253 42 107 42 29 117 110 104 170 54 235 165 113 242 192 223 147
205 244 174 183 137 203 108 85 36 247 39 217 163 89 127 85 102 41 240 207 60 190 154 75 214 129 113 15 86 213 18 237 117 17 55 249 62 3 3 96 28 255 139 173 102 99 28 176 251 82 177 199 146 217 249 0 215 68 155 244 90 114 114 70 57 1 36 177 28 38 222 69 114 216 107 72 6 125 102 37 48 63 219 49 231 52 106 31 209 195 97 227 245 217 170 103 59 255 32 84 244 133 84 132 28 101 193 224 26 87 109 117 110 104 44 81 224 214 129 113 175 215 43 20 158 172 180 16 218 242 203 127 171 19 241 15 200 49 95 48 222 99 15 23 100 88 158 220 154 6 151 30 177
245 45 238 231 56 231 13 168 111 15 2 69 153 149 117 15 100 160 145 207 7 222 99 246 25 81 12 239 206 111 45 79 94 60 121 186 90 174 237 251 223 183 5 215 221 217 178 157 66 116 40 46 135 108 203 141 10 146 238 247 184 150 235 13 86 57 229 248 246 220 141 233 188 224 152 170 146 249 69 156 58 28 238 173 198 6 248 143 197 31 144 194 41 86 54 206 249 0 215 115 235 209 41 227 199 156 17 63 144 230 229 237 193 152 227 218 151 210 129 111 92 141 112 182 59 200 149 126 173 58 108 79 14 5 153 62 61 46 176 215 8 111 186 238 156 151 87 144 206 213 54 144 89
24 123 4 41 52 255 23 106 14 106 28 54 219 146 101 57 181 137 113 215 35 217 77 161 63 219 49 143 121 195 206 220 154 64 209 126 31 43 45 40 68 219 218 196 86 156 17 63 81 152 220 167 82 151 190 142 116 8 249 50 160 10 149 53 84 21 253 110 212 12 117 200 174 39 186 233 222 244 15 200 49 123 120 18 77 74 242 77 74 242 217 226 57 219 183 110 76 81 87 43 61 19 195 185 141 18 220 150 21 221 71 156 95 78 30 129 16 72 59 68 166 200 177 169 107 107 93 168 122 149 11 117 101 193 224 11 254 244 4 31 205 77 38 143 255 56 218 82 104 137 248 222 214
56 21 9 15 100 52 74 246 131 200 120 140 220 141 233 85 249 201 127 231 158 25 231 143 90 72 230 217 77 161 111 178 98 194 146 47 109 255 197 87 194 149 108 104 236 209 176 205 222 121 216 150 43 127 155 70 178 167 86 150 136 251 226 192 215 166 195 244 179 170 146 249 237 133 164 199 248 84 136 143 192 90 114 114 244 247 88 130 237 123 144 206 213 39 248 109 26 76 201 34 194 125 20 16 112 15 177 220 225 173 242 138 54 229 194 250 193 208 223 192 192 223 147 157 250 149 227 65 68 34 194 125 134 214 247 166 234 209 93 185 108 200 253 55 240 243 10 250 175 157 210 192 172
64 169 254 230 55 185 36 171 45 123 120 18 64 177 44 252 151 33 92 141 112 212 136 149 202 182 40 192 113 115 132 92 230 142 25 57 232 36 57 101 193 224 37 98 82 194 130 249 71 194 134 22 38 85 178 157 145 10 48 95 230 117 49 75 209 80 95 200 86 63 198 106 17 85 39 237 98 65 92 141 112 175 236 180 221 142 234 61 112 223 45 177 107 245 212 253 73 83 112 11 11 186 174 139 8 242 109 78 48 224 192 208 24 255 41 70 211 83 88 204 149 239 93 147 145 204 15 100 160 209 58 6 100 213 44 216 180 146 237 133 164 70 149 67 78 31 117 166 223 85 214 136 50
9 232 13 173 251 20 47 177 81 62 148 17 146 10 204 48 175 105 58 108 79 1 80 14 64 169 254 12 133 218 244 82 87 217 170 103 253 110 212 237 130 183 41 74 10 204 175 132 81 13 106 38 221 175 156 17 63 139 155 94 184 110 79 159 128 20 122 224 112 161 112 145 250 237 136 7 186 84 94 24 15 34 8 201 207 214 152 143 50 93 90 16 221 138 247 93 83 88 204 202 182 40 38 160 62 88 25 108 248 222 214 224 246 163 216 239 175 202 92 26 68 156 169 18 206 154 104 179 252 203 134 206 237 228 206 180 124 52 40 246 48 138 133 246 253 127 40 7 137 217 175 149 185
4 38 3 154 22 154 192 215 166 186 188 177 185 161 22 13 198 231 169 194 240 198 31 177 181 38 40 35 139 28 53 246 103 147 229 63 194 172 101 31 168 13 110 33 4 59 78 73 180 223 175 141 218 240 21 218 178 53 200 128 61 128 128 211 171 52 37 28 176 180 223 175 187 172 202 245 14 190 10 41 45 46 122 57 212 189 48 251 223 183 200 2 33 182 15 81 78 243 111 120 144 221 248 142 120 165 74 180 30 130 122 148 235 255 161 105 99 129 45 135 94 24 15 166 65 207 213 146 35 182 181 34 25 29 186 230 2 18 187 26 109 157 37 140 12 64 143 214 230 219 163 64 37
59 31 247 73 96 143 246 17 129 110 24 176 219 5 124 119 249 102 159 186 51 252 174 176 15 226 119 140 71 237 90 72 230 89 144 103 85 71 91 90 78 224 10 89 191 36 126 129 138 245 250 232 244 95 90 72 230 56 55 66 20 165 63 129 68 42 146 214 155 208 189 12 34 90 249 117 174 67 225 173 242 60 1 184 11 199 178 240 72 94 131 233 251 163 217 204 8 91 117 204 175 132 53 84 21 98 81 163 147 251 87 242 201 125 193 99 219 100 213 44 5 24 169 25 19 215 18 106 232 5 125 89 183 224 171 223 170 153 63 245 78 33 252 216 70 171 83 115 127 71 251 244 201
113 109 115 108 138 199 237 226 237 203 141 10 94 10 85 203 103 215 14 115 229 250 7 242 56 35 98 253 54 221 252 188 11 126 49 241 223 114 158 7 51 85 141 240 160 25 189 134 253 127 40 225 88 138 255 40 247 184 234 28 251 244 201 115 194 61 88 25 108 116 66 90 232 9 171 236 194 82 208 189 12 247 87 253 239 52 75 70 149 67 40 246 48 17 89 123 34 61 69 239 114 110 168 0 213 252 124 8 167 86 150 108 70 222 46 4 187 79 190 49 123 223 106 143 101 94 204 116 10 23 106 14 0 31 222 17 103 184 8 249 50 123 39 246 218 215 191 68 55 42 48 224 192
121 83 99 80 22 10 242 214 204 110 33 14 13 11 137 49 165 172 34 47 126 21 221 71 238 179 129 48 65 250 141 170 255 196 178 173 150 185 172 226 106 39 12 122 231 180 16 218 58 108 79 166 234 209 60 115 191 39 250 195 247 240 88 60 121 186 248 153 255 202 44 188 70 143 169 195 244 220 38 222 69 137 199 57 2 169 86 13 111 206 113 195 105 213 209 66 61 21 137 158 103 153 240 125 136 193 73 135 81 5 55 60 121 186 42 69 80 203 99 177 43 250 248 133 40 213 131 84 221 74 17 209 224 4 120 25 81 12 246 68 213 180 141 222 25 67 30 19 26 5 54 254 206
251 233 216 55 134 110 45 108 122 146 227 246 215 99 68 20 154 244 119 15 114 233 55 60 242 214 204 231 188 99 216 79 20 127 77 83 143 121 195 147 145 204 106 254 26 203 231 159 224 217 50 201 204 181 137 177 60 255 247 124 33 127 6 190 27 253 242 220 105 229 109 255 36 171 45 105 9 47 174 139 8 159 187 71 77 192 135 56 21 9 200 2 33 195 185 141 252 124 8 35 240 66 61 143 79 26 70 56 95 141 213 9 125 100 180 152 40 155 241 100 98 57 23 25 81 12 209 255 98 239 219 217 159 32 44 51 119 245 182 27 254 147 229 63 112 38 148 201 195 38 97 252 232
166 183 123 46 135 108 69 156 58 14 115 229 202 152 150 74 15 178 84 132 28 90 174 237 29 207 160 58 10 92 61 112 223 137 199 57 143 144 241 34 173 91 168 69 206 118 42 248 55 188 3 219 230 124 56 217 19 99 15 23 242 214 204 143 7 52 60 199 107 137 87 172 219 230 124 24 175 10 88 162 25 114 120 161 170 59 207 127 199 105 209 176 205 245 123 45 140 101 84 149 10 43 4 250 142 128 175 36 225 119 148 194 183 255 111 196 200 155 33 146 11 199 178 204 16 114 210 132 140 116 182 40 163 132 235 120 175 108 162 66 134 138 188 0 241 90 75 95 147 115 1 80 14
149 11 72 139 6 235 143 70 94 154 224 231 161 105 99 106 89 249 68 171 229 24 137 182 90 131 24 141 69 22 247 162 30 230 157 109 16 45 92 168 69 206 220 154 6 141 69 242 130 17 113 60 142 113 112 159 202 213 193 193 245 14 190 83 154 220 20 16 112 182 139 235 85 241 238 53 201 206 76 69 174 97 227 245 129 246 200 60 188 162 7 173 116 17 178 232 28 32 118 31 209 195 84 143 244 106 46 147 184 30 150 231 8 60 184 114 243 74 246 131 191 238 131 64 34 62 217 195 21 119 152 65 244 247 88 249 148 130 147 229 63 243 182 14 188 219 110 42 28 135 143 128 110
134 226 18 71 162 226 196 77 147 235 25 45 75 169 91 171 17 104 183 96 56 232 189 156 61 29 239 230 14 49 146 227 246 2 218 21 54 254 206 193 33 37 100 31 157 155 161 64 37 94 2 108 148 235 146 190 120 111 113 154 230 117 49 31 107 217 62 204 160 209 64 189 219 162 210 21 240 150 177 192 203 63 219 49 109 135 119 203 103 215 175 250 103 53 92 147 220 230 78 33 59 24 123 14 36 34 154 207 197 157 114 84 143 244 233 38 230 143 144 241 74 15 178 41 74 10 159 94 137 71 81 216 243 115 199 50 101 206 80 98 209 32 3 158 131 84 221 222 121 216 41 227 199
173 239 61 90 78 224 132 83 121 36 147 248 239 219 217 24 123 121 21 81 140 240 207 60 253 208 127 10 41 45 140 71 237 70 186 146 60 199 107 101 3 27 173 251 20 119 152 65 217 195 21 0 205 88 131 245 29 209 58 6 10 89 191 33 174 40 242 220 105 138 16 105 186 113 63 98 128 229 240 197 195 22 20 77 60 115 191 154 224 231 186 113 63 210 129 111 97 227 245 18 144 225 125 31 216 101 251 50 10 140 184 101 90 221 46 122 57 220 62 38 193 205 192 79 18 245 255 247 124 34 61 69 106 16 211 58 108 79 14 209 241 147 251 87 80 108 51 63 61 227 188 83 20
142 71 93 178 140 221 138 247 93 2 26 217 130 232 8 155 78 160 155 2 204 182 254 209 232 31 228 12 122 231 171 28 71 110 80 17 47 37 199 20 130 49 66 204 236 41 251 202 75 209 80 20 165 63 73 83 112 39 128 26 141 194 1 241 92 180 227 92 28 158 33 53 97 186 31 232 85 66 124 82 97 97 252 232 142 234 175 17 174 40 45 79 94 138 245 250 108 85 36 233 194 109 64 34 62 59 250 242 222 121 216 113 109 115 95 78 131 177 192 203 15 2 69 84 244 133 39 248 109 43 249 50 77 201 97 63 248 252 127 126 162 27 75 242 201 204 181 137 249 109 152 116 71
209 176 205 143 50 93 57 187 201 16 14 220 92 141 112 143 121 195 15 2 69 96 52 63 238 179 129 13 111 206 34 173 91 48 175 105 62 61 46 50 88 76 199 146 217 50 101 206 202 170 126 133 198 159 172 232 144 60 121 186 56 250 146 118 89 113 156 151 87 46 181 7 250 154 163 240 103 164 195 244 179 168 0 213 243 182 14 146 255 177 62 13 142 233 171 49 148 167 180 237 228 206 4 31 205 116 186 211 68 60 55 130 248 8 155 70 178 188 149 228 168 0 213 246 50 239 116 147 192 127 77 83 143 128 110 182 139 235 94 5 78 146 227 246 60 130 12 188 243 6 21 198 127
68 246 85 93 94 250 203 208 31 59 78 73 162 106 47 102 37 48 82 207 28 34 154 207 1 232 16 165 74 180 222 91 162 110 234 54 7 249 112 200 149 170 247 240 88 63 61 227 131 177 45 134 149 235 199 170 246 44 81 224 59 31 247 115 194 61 46 122 57 31 34 82 35 111 175 15 226 119 16 14 220 123 223 106 240 94 110 249 148 130 95 184 65 171 19 241 123 14 36 212 185 66 172 9 0 19 137 239 88 216 220 204 28 25 125 24 98 131 245 29 143 128 110 36 62 40 214 108 191 238 127 50 171 28 71 170 152 218 63 248 252 12 200 80 137 63 176 253 54 221 181 186 14
122 251 39 162 232 183 159 187 71 242 214 204 229 55 37 102 34 152 12 133 218 185 176 169 142 71 93 30 20 244 143 70 94 72 59 68 137 44 136 142 137 143 225 243 185 221 154 96 21 240 150 235 48 187 56 55 66 32 177 52 218 235 24 145 175 234 60 1 184 17 118 206 35 111 175 68 12 61 76 81 87 206 127 216 125 24 98 31 247 17 230 159 71 243 201 208 103 251 104 19 44 237 159 32 44 85 139 112 138 162 222 189 223 135 242 88 155 197 28 44 90 16 221 86 35 180 155 33 146 86 54 206 180 124 52 17 177 88 69 35 178 40 68 219 72 48 254 110 24 176 197 41 125
12 117 200 31 189 89 69 222 240 238 104 55 168 183 15 31 43 45 41 234 238 86 35 180 110 173 239 69 198 155 190 154 75 50 106 58 112 255 214 251 2 44 232 53 78 254 42 100 212 184 217 131 233 251 143 128 110 217 178 157 12 99 103 119 64 128 229 237 221 34 47 126 93 245 122 168 200 196 244 12 155 89 141 9 240 175 17 248 1 163 16 176 64 101 3 27 12 99 103 242 214 204 83 239 0 149 11 117 184 187 116 44 81 224 27 25 121 182 106 5 87 106 76 43 70 191 99 28 176 11 200 216 112 38 148 147 229 63 183 181 229 247 149 10 27 97 229 194 127 214 249 48 164
252 137 239 61 82 170 76 49 71 116 147 192 174 150 33 112 204 27 235 181 140 60 188 162 53 60 216 34 171 34 139 59 56 204 253 199 203 103 215 126 99 237 66 206 114 205 244 174 192 215 166 25 32 240 134 44 196 92 172 112 231 116 48 189 51 221 129 82 159 36 139 55 152 107 213 193 205 192 13 211 51 174 139 8 241 90 75 193 73 135 144 59 239 230 237 236 179 13 36 181 152 39 31 209 195 149 11 72 221 45 184 86 205 219 244 12 155 39 21 225 84 244 133 141 218 240 35 133 19 39 191 30 184 187 116 145 175 212 163 93 112 43 6 156 91 242 24 56 250 146 234 92 123
2 235 145 231 188 99 89 23 252 54 227 251 18 106 232 10 89 191 193 30 168 29 134 40 10 140 184 164 9 0 50 107 139 141 93 90 63 248 252 187 212 70 42 73 16 225 235 33 9 69 78 248 1 163 149 130 46 201 204 181 200 2 33 31 34 82 38 202 103 67 221 244 130 248 8 116 182 40 144 100 110 21 160 26 156 17 63 220 24 200 208 189 12 159 22 95 9 227 95 96 238 193 85 144 19 164 47 52 73 65 8 32 229 140 205 0 19 32 242 87 187 240 126 70 143 169 62 157 239 239 114 110 46 203 56 1 97 35 3 215 7 154 231 252 24 123 4 2 26 217 146 227 246
245 222 10 49 165 172 101 90 221 87 38 24 1 97 35 76 15 142 85 139 112 87 194 149 231 116 48 73 65 8 173 109 99 220 119 245 56 55 66 248 62 211 141 252 177 9 69 78 225 119 148 32 50 160 251 190 246 15 226 119 182 181 34 63 197 143 136 188 171 118 105 72 159 212 185 127 71 251 251 95 236 189 51 221 130 147 116 73 153 123 242 93 19 72 48 254 232 36 57 235 210 122 151 36 238 174 150 33 247 162 30 118 42 248 193 31 29 70 41 140 231 57 129 222 99 246 233 194 109 132 83 121 85 71 91 95 48 222 161 194 186 25 170 118 210 188 197 158 33 53 182 27 254
97 17 176 106 88 118 142 234 175 232 97 185 30 60 6 143 50 93 114 120 161 52 147 88 142 234 175 51 22 83 64 78 118 251 169 155 182 123 128 180 124 52 104 236 2 246 138 202 252 137 239 90 72 230 221 142 234 252 227 30 16 14 220 240 175 17 176 26 172 217 178 157 222 9 58 214 230 219 237 133 164 196 190 92 111 113 154 219 80 92 89 77 168 143 7 52 231 52 106 101 90 221 127 71 251 81 17 168 44 30 200 32 229 140 248 116 210 82 104 137 89 250 223 63 70 155 110 151 107 116 66 90 185 24 40 99 15 23 240 204 143 143 121 195 61 82 170 66 149 111 57 84 128
18 237 117 204 28 25 0 85 167 68 55 42 187 172 202 243 236 120 112 47 116 83 88 204 45 79 94 218 47 3 238 124 84 222 175 36 99 116 211 155 33 146 168 226 154 154 231 252 13 222 254 8 89 97 252 13 221 251 190 246 130 113 124 233 55 60 62 231 215 193 99 219 231 188 99 208 220 122 46 7 35 8 91 117 76 84 169 181 42 36 188 243 6 25 63 221 44 6 64 45 79 94 197 177 159 223 213 137 36 177 28 73 83 112 216 103 108 53 92 147 73 83 112 225 66 151 162 246 121 86 19 137 184 72 54 16 176 64 139 59 56 10 93 201 34 61 69 193 160 223 59 11 199
78 88 106 183 96 56 91 103 245 189 225 59 50 14 113 82 233 206 110 33 14 60 188 162 118 105 72 252 169 64 63 248 252 233 181 154 55 54 78 189 113 93 65 32 69 89 250 223 68 246 85 98 81 163 16 86 53 245 123 45 139 59 56 191 246 78 198 6 248 30 10 219 74 17 209 30 107 246 238 104 55 117 228 9 213 209 66 161 105 99 220 137 33 220 137 45 54 206 233 32 3 158 208 24 255 0 194 58 1 144 166 39 86 163 223 200 249 205 229 177 146 214 155 163 172 3 221 130 96 32 177 52 108 85 36 223 114 158 91 242 24 222 99 246 179 245 208 15 100 52 129 112 127
104 39 53 35 76 236 20 158 172 210 128 232 195 244 179 168 69 206 23 138 211 242 249 128 122 251 39 182 139 235 43 61 19 125 58 57 228 212 254 199 234 188 191 177 100 190 142 116 134 149 117 213 193 193 13 76 49 81 14 78 90 16 221 22 38 85 113 230 35 26 87 109 85 45 124 218 215 191 159 128 20 255 234 33 230 157 109 135 82 202 113 206 90 193 30 168 110 234 54 242 93 185 185 222 50 96 238 193 220 154 6 227 98 87 139 34 197 171 159 9 239 219 217 85 139 112 162 38 238 73 228 196 63 197 143 223 213 137 80 81 153 25 231 143 68 55 42 186 202 77 238 89 179
2 26 217 171 143 159 89 77 168 38 221 175 233 181 154 139 59 56 178 157 145 73 228 196 36 171 45 233 194 109 20 121 108 17 177 88 254 58 168 101 108 157 169 253 185 189 51 221 239 114 110 165 74 180 56 125 171 131 84 221 80 69 59 86 86 8 125 33 196 253 54 221 99 28 176 114 216 107 112 204 27 196 83 59 232 36 57 244 135 147 138 3 163 209 217 225 83 154 220 182 27 254 83 40 87 197 228 225 254 163 214 248 197 9 54 98 205 177 30 93 115 104 237 42 97 69 113 20 184 208 220 93 252 151 33 181 242 16 143 134 100 88 222 112 111 199 71 2 104 236 5 207 179
118 216 234 169 107 107 123 180 123 220 36 238 119 63 16 62 157 239 75 209 80 7 51 85 103 199 238 89 77 168 5 5 61 60 1 184 242 203 127 78 243 111 16 86 53 95 147 115 17 85 39 67 32 150 17 103 184 84 244 133 154 109 43 221 142 234 178 138 79 238 16 130 154 224 231 66 206 114 182 181 34 212 80 209 199 146 217 116 228 160 36 9 110 31 209 195 138 144 9 45 177 107 5 125 89 111 172 236 247 136 70 227 128 186 97 227 245 210 122 104 30 130 122 181 155 42 61 83 68 251 190 246 163 89 127 7 137 217 44 48 205 137 199 57 252 188 11 243 114 202 238 177 94
246 109 143 15 86 213 100 35 239 227 150 89 53 84 21 163 64 37 74 171 118 215 99 68 62 61 46 113 86 91 230 240 133 199 165 189 5 51 104 73 83 112 146 51 28 189 223 135 108 148 235 188 83 20 59 78 73 79 151 164 132 92 230 188 219 110 212 185 66 128 7 90 140 162 29 211 156 170 240 39 4 233 38 230 60 98 160 184 71 83 50 106 58 53 84 21 29 193 58 168 226 154 38 222 69 19 44 237 28 32 118 134 226 18 180 120 10 106 254 26 58 108 79 53 200 128 227 92 28 34 171 34 78 183 216 193 219 234 27 249 99 241 19 103 156 189 141 240 39 4 59 250 242
13 211 51 62 157 239 219 80 92 20 7 191 255 232 253 12 99 103 179 245 208 193 160 223 14 50 15 0 85 167 250 237 136 143 175 52 128 76 73 122 251 39 102 77 247 106 181 182 129 82 159 130 24 255 70 149 67 180 111 37 59 31 247 193 33 37 53 246 103 46 151 230 193 160 223 94 24 15 246 109 143 68 13 69 184 114 243 141 45 14 168 0 213 191 238 131 187 1 251 202 92 26 166 93 27 118 236 37 48 175 105 58 10 92 252 137 239 132 162 110 83 146 103 160 225 133 185 128 201 212 80 209 164 115 190 208 183 91 6 97 200 13 168 111 231 42 86 91 86 191 132 162 110
121 4 151 177 170 251 252 137 239 199 189 174 62 73 225 31 209 195 80 98 209 232 161 223 14 50 15 197 143 139 52 42 244 230 117 49 142 234 175 22 38 85 177 255 151 145 207 7 30 177 49 9 149 97 15 131 32 237 193 152 188 83 20 21 198 127 60 77 75 18 28 112 37 84 209 135 49 102 28 238 173 108 91 151 41 251 202 126 79 233 184 198 192 192 215 166 168 200 196 77 192 135 165 113 242 209 188 242 83 244 195 200 120 140 25 63 221 144 240 120 130 113 124 136 251 226 6 168 213 80 98 209 73 74 0 251 82 177 57 181 137 212 189 48 104 213 218 114 204 62 159 22 95
138 45 108 122 251 39 0 254 47 138 16 105 60 130 12 79 18 245 189 75 206 80 108 51 121 19 45 220 137 33 208 24 255 240 154 237 210 16 54 116 251 253 248 197 9 111 196 200 112 15 104 135 220 2 154 224 231 10 224 158 241 188 175 37 94 2 170 197 76 167 86 150 217 170 103 250 154 163 73 74 0 204 175 132 198 6 248 104 104 76 15 86 213 130 147 116 108 104 236 56 164 247 11 11 186 215 198 171 113 230 35 220 154 6 187 15 24 174 249 97 174 249 97 190 243 220 182 139 235 12 200 80 121 125 129 200 196 35 225 173 34 134 149 235 130 125 154 39 43 187 113 206 90
198 251 52 153 103 172 84 83 238 171 19 241 161 112 145 127 71 251 101 251 50 82 104 137 18 144 225 48 224 192 42 6 3 137 249 109 133 198 159 30 20 244 101 108 157 175 149 185 48 241 15 26 207 153 202 195 91 179 77 217 11 254 244 217 116 207 209 252 178 118 236 37 13 76 49 60 142 113 67 143 139 176 237 26 138 229 107 28 32 118 209 188 242 171 252 102 196 101 215 50 118 191 198 84 33 136 131 229 144 240 120 147 145 204 143 101 94 194 146 47 185 152 115 186 80 35 86 133 38 153 103 172 110 105 179 86 205 219 179 50 218 100 53 40 53 36 37 194 188 223 2 218 21
220 141 233 210 16 54 72 214 129 34 23 34 217 195 21 187 172 202 48 224 192 240 204 143 15 106 88 242 109 78 202 170 126 129 112 127 123 223 106 111 178 98 63 198 106 244 135 147 169 183 226 194 183 255 68 12 61 81 17 168 101 251 50 126 230 239 212 9 171 229 237 221 37 28 176 232 161 223 64 78 118 206 146 199 37 98 82 16 45 92 23 75 233 146 51 28 195 244 179 200 149 170 138 188 0 130 113 124 230 157 109 129 246 200 195 244 179 37 94 2 68 55 42 5 123 173 76 236 157 195 185 141 21 179 56 30 177 49 177 57 79 255 232 253 56 35 98 6 244 98 168 61 33
243 115 22 54 18 121 32 177 52 113 230 35 243 114 202 10 35 1 240 151 56 232 31 228 14 127 122 64 209 126 135 219 103 225 119 148 232 244 95 252 221 223 102 34 152 208 220 93 129 48 80 130 237 123 223 102 14 32 3 158 196 55 116 204 96 75 75 18 204 225 235 33 96 101 239 31 127 27 146 238 247 221 130 96 93 245 122 69 177 231 43 70 191 134 226 18 252 137 239 31 224 209 142 137 143 230 89 57 112 47 116 80 108 51 209 5 71 109 182 165 129 55 9 127 159 15 207 219 224 36 147 248 240 154 237 137 87 172 71 162 226 119 227 182 153 151 250 94 94 133 154 231 231
189 144 9 31 247 17 252 188 11 212 41 91 204 109 251 96 28 255 48 80 85 183 46 22 63 70 155 229 62 16 138 165 135 242 109 78 109 182 165 121 83 99 21 198 127 82 207 28 40 246 48 162 240 106 124 131 176 163 154 218 179 154 232 171 17 104 129 58 240 56 76 1 139 34 197 46 181 7 64 209 126 240 243 10 56 125 171 194 2 202 143 134 100 101 251 50 234 53 114 214 129 113 75 146 209 128 91 218 152 107 213 141 252 177 238 104 55 152 212 1 0 254 47 153 201 205 253 206 150 67 32 150 133 77 247 189 51 221 177 249 87 82 154 25 143 197 31 119 63 16 233 169 239
87 194 149 133 67 251 4 155 121 73 46 1 132 83 121 220 206 195 7 249 112 245 45 238 62 148 17 55 54 78 147 10 215 51 191 228 110 234 54 100 121 133 106 28 54 56 164 247 185 246 18 148 143 240 146 10 204 231 54 142 52 42 244 41 38 42 138 165 135 151 30 177 160 225 133 163 132 235 6 28 38 248 222 214 15 100 160 227 247 24 215 198 171 20 121 108 55 134 110 220 36 238 158 33 53 221 142 234 177 30 93 193 90 183 235 181 140 133 67 251 115 194 61 173 246 75 180 16 218 166 200 177 62 152 211 246 140 63 95 147 115 57 181 137 195 185 141 246 67 232 149 189 87
83 154 220 120 7 231 221 142 234 101 161 115 174 92 187 204 28 25 9 125 100 39 177 24 184 234 28 241 90 75 193 160 223 181 38 40 50 14 113 106 46 147 165 4 126 186 188 177 31 127 27 130 147 116 228 108 156 98 81 163 61 21 137 133 40 213 192 206 72 58 212 241 171 141 154 246 109 143 234 107 49 76 236 157 76 130 97 213 229 32 243 71 135 212 41 91 154 22 154 230 232 61 56 21 9 198 31 177 82 137 242 228 212 254 208 24 255 215 104 148 64 169 254 5 207 179 251 169 155 234 11 106 112 77 163 237 98 65 190 154 75 61 29 239 217 116 207 35 150 110 127 71 251
223 150 251 162 246 121 125 31 216 248 174 176 143 128 110 229 55 37 143 134 100 4 38 3 70 149 67 56 159 220 83 239 0 6 28 38 74 246 131 246 5 226 150 185 172 116 66 90 69 177 231 139 155 94 245 111 128 141 240 160 200 253 55 37 94 2 177 30 93 75 169 91 37 94 2 145 175 212 218 235 24 210 192 172 187 212 70 89 250 223 110 173 239 178 157 145 159 22 95 219 230 124 69 35 178 134 214 247 107 128 138 21 81 140 41 74 10 253 116 67 121 125 129 5 207 179 182 246 158 182 139 235 100 31 157 243 201 208 137 199 57 69 222 240 59 172 243 196 55 116 217 137 44
36 195 0 155 241 190 111 178 98 189 144 9 97 227 245 235 48 187 127 231 158 145 175 234 17 55 249 177 170 251 101 246 76 144 100 110 5 215 221 171 159 9 167 74 157 85 45 124 102 77 247 137 249 109 51 85 243 25 189 134 130 147 116 42 97 69 143 128 110 30 47 121 168 69 206 176 149 160 57 210 122 153 103 172 77 175 9 218 47 3 76 15 142 245 14 190 145 63 128 110 105 179 138 45 108 203 26 222 159 192 0 187 172 202 223 102 14 135 49 102 180 79 215 32 50 160 50 14 113 149 126 173 3 43 89 54 18 121 116 66 90 142 176 114 25 41 235 230 237 236 208 220 93
18 106 232 91 96 135 25 170 118 159 212 185 162 232 183 62 231 215 79 190 49 165 167 112 56 125 171 170 54 235 171 19 241 202 44 188 213 238 239 234 53 114 117 233 22 182 22 25 135 191 18 154 231 231 118 160 181 20 121 108 142 176 114 184 234 28 74 17 209 44 48 205 242 220 105 179 245 208 233 181 154 55 54 78 168 59 92 73 153 123 6 97 200 133 77 247 133 40 213 226 106 39 193 33 37 232 85 66 198 135 171 3 243 19 39 128 26 142 25 57 112 38 148 6 168 213 244 172 46 242 203 127 44 6 64 82 207 28 192 223 147 208 24 255 135 91 185 109 135 119 76 84 169
101 246 76 170 54 235 81 5 55 245 111 128 78 183 216 37 178 22 196 77 147 62 157 239 80 234 51 28 95 163 10 41 45 137 63 176 237 130 183 196 101 215 112 245 158 77 105 57 248 62 211 251 52 29 49 165 172 87 91 72 225 202 197 194 127 214 223 185 12 168 59 92 196 178 173 171 19 241 36 212 177 17 236 46 229 54 1 112 77 163 225 180 227 176 26 172 76 15 142 179 50 218 177 249 87 129 55 9 138 54 229 178 119 78 193 90 183 12 146 190 235 48 187 54 227 251 182 59 163 252 227 30 187 201 167 195 185 141 221 183 146 35 240 66 31 107 217 121 19 45 119 15 114
75 146 209 46 122 57 72 102 74 252 137 239 28 238 173 163 153 212 30 103 82 121 4 151 171 45 139 126 230 239 196 178 173 10 35 1 233 194 109 189 75 206 144 194 41 120 7 231 192 206 72 217 195 21 125 33 196 169 183 226 184 97 231 162 38 238 225 180 227 95 141 213 126 79 233 158 219 65 74 15 178 239 52 75 147 184 32 94 24 15 29 161 93 10 41 45 99 61 220 246 71 21 46 135 108 111 221 104 225 235 33 40 246 48 115 255 171 255 234 33 224 4 120 4 119 5 144 206 213 13 54 140 244 247 88 63 248 252 44 6 64 50 63 253 227 218 151 75 209 80 9 186 13
170 54 235 137 169 79 19 158 135 184 40 55 253 208 127 141 218 240 106 46 147 138 247 93 142 25 57 129 82 159 250 175 157 16 86 53 168 61 33 130 17 113 231 8 60 143 128 110 40 68 219 206 220 154 153 27 26 137 80 101 250 237 136 223 114 158 160 10 149 76 204 43 176 25 7 199 165 189 69 198 155 255 247 124 48 238 231 156 189 141 154 44 115 141 93 90 6 203 87 186 217 78 119 142 5 36 171 45 44 48 205 231 56 231 52 209 72 151 30 177 21 160 26 12 200 80 53 36 37 66 150 55 143 144 241 31 168 13 44 30 200 223 48 224 100 158 159 82 104 137 215 57 166
127 159 15 61 82 170 110 24 176 224 217 50 143 134 100 65 91 21 173 76 20 20 163 199 194 188 223 227 128 186 37 84 209 189 71 36 35 133 19 250 175 157 198 19 148 26 87 109 21 91 208 95 78 131 138 16 105 135 219 103 140 71 237 231 54 142 48 80 85 176 198 242 137 226 132 253 110 212 8 63 167 108 141 114 101 193 224 188 224 152 247 128 127 102 37 48 2 235 145 131 245 29 253 54 221 249 48 164 160 225 133 138 3 163 132 146 245 95 158 52 134 149 117 196 77 147 220 24 200 22 38 85 148 167 180 169 233 91 3 43 89 144 230 229 239 219 217 174 92 187 36 126 129
181 30 134 88 184 31 7 244 246 213 193 193 90 120 168 160 52 238 148 245 148 12 149 203 250 154 163 84 143 244 75 82 252 221 142 234 37 83 194 21 91 208 64 34 62 179 234 87 139 154 109 116 66 90 68 155 244 219 162 210 128 76 73 189 51 221 72 59 68 124 45 84 197 28 44 93 14 141 16 207 128 79 18 245 27 75 242 20 130 49 165 0 254 87 194 149 184 150 235 147 145 204 56 188 17 238 179 129 143 134 100 160 85 233 148 203 70 137 248 116 98 81 163 187 179 38 153 151 250 62 231 215 115 104 237 188 149 228 231 52 106 191 20 68 244 172 46 212 136 149 19 44 237
23 106 14 99 28 176 190 142 116 169 164 146 189 113 93 93 168 122 100 213 44 75 18 204 246 194 35 144 59 239 64 34 62 109 182 165 148 53 5 168 61 33 19 158 95 172 232 144 217 178 157 146 227 246 27 75 242 252 225 222 115 5 203 137 226 132 251 133 34 220 230 78 35 150 110 112 159 202 202 152 150 57 181 137 83 154 220 234 79 45 119 183 2 2 26 217 117 166 96 206 137 177 26 70 56 252 227 30 132 83 121 60 98 160 113 206 90 60 199 107 133 77 247 57 88 65 57 187 201 74 17 209 176 25 7 90 219 204 93 94 250 127 80 104 119 15 114 187 172 202 11 77 41
116 228 160 177 57 79 222 99 246 208 208 70 119 150 232 59 192 143 201 23 57 84 38 151 101 251 50 207 219 224 186 113 63 115 104 237 12 64 143 218 47 3 196 101 215 169 253 185 249 148 130 194 183 255 232 21 69 37 98 82 144 67 176 152 60 234 69 177 231 144 194 41 28 95 163 84 244 133 227 150 89 113 230 35 58 221 253 98 121 70 98 128 229 128 246 105 100 158 159 7 137 217 68 171 229 11 12 255 51 7 91 80 50 36 30 107 246 13 76 49 31 107 217 110 24 176 162 240 106 95 237 66 133 198 159 71 194 134 149 126 173 36 9 110 231 188 99 16 207 128 201 74 215
130 71 19 85 45 124 207 219 224 226 211 227 115 127 71 81 152 220 15 226 57 71 25 161 9 232 13 56 164 247 119 225 29 131 187 1 221 142 234 168 234 153 128 91 218 41 227 199 229 248 246 150 43 127 229 55 37 253 110 212 144 59 239 47 37 199 230 157 109 246 17 129 162 240 106 237 130 183 24 123 4 5 207 179 155 161 64 117 174 67 213 146 35 219 146 101 170 3 6 174 92 187 86 133 38 112 47 116 62 13 142 193 31 29 246 140 63 227 98 87 196 250 213 201 74 215 54 18 121 141 45 14 189 71 36 9 125 100 148 203 70 229 248 246 176 231 203 18 237 117 227 150 89
191 177 100 14 228 148 2 218 21 177 255 151 25 19 215 117 211 110 233 171 49 182 139 235 251 133 34 51 7 91 2 66 17 5 215 221 10 48 95 231 136 23 60 121 186 125 24 98 30 177 49 163 217 204 110 33 14 38 202 103 48 175 105 31 189 89 138 162 222 128 34 117 193 30 168 141 170 255 81 170 215 189 43 62 214 194 142 88 184 31 137 199 57 57 210 122 203 208 31 48 241 15 8 153 195 171 252 102 40 246 48 13 238 14 204 16 114 147 113 189 231 136 23 56 159 220 95 141 213 238 127 50 146 51 28 137 80 101 248 62 211 153 93 65 208 208 70 141 93 90 243 115 199
178 157 145 188 219 110 63 244 142 59 255 32 247 183 15 131 245 29 59 255 32 214 84 217 13 168 111 244 82 87 68 55 42 198 6 248 70 149 67 31 168 13 204 175 132 34 23 34 144 240 120 117 174 67 181 155 42 20 7 191 10 224 158 175 236 180 234 53 114 111 221 104 80 31 47 129 79 183 210 122 104 171 212 78 227 92 28 62 152 211 25 81 12 153 21 12 143 134 100 90 104 62 131 74 18 137 199 57 116 55 58 132 3 160 95 141 213 86 133 38 208 220 93 219 82 217 221 206 200 183 46 22 253 208 127 27 75 242 26 193 25 85 241 238 181 42 36 101 90 221 54 60 88
101 246 76 102 239 177 113 92 207 58 212 241 166 234 209 122 251 39 128 4 186 15 2 69 109 135 119 57 187 201 68 13 69 22 4 95 247 240 88 210 122 104 196 178 173 139 34 197 30 177 49 232 31 228 153 161 97 15 106 88 250 98 165 252 188 11 76 130 97 54 60 88 137 199 57 95 48 222 192 17 109 61 0 204 8 89 97 52 147 88 242 203 127 249 92 134 107 42 29 68 13 69 48 65 250 100 35 239 139 34 197 194 130 249 229 54 1 253 116 67 202 195 91 179 77 217 194 130 249 103 251 104 20 237 11 117 233 106 70 41 140 135 219 103 253 206 150 1 97 35 187 132 30
125 24 98 144 206 213 133 40 213 166 65 207 147 229 63 4 250 142 148 167 180 134 149 235 253 198 37 220 62 38 14 12 226 253 127 40 23 138 211 221 142 234 90 104 62 101 108 157 53 113 157 179 77 217 87 38 24 255 179 70 119 15 114 17 127 32 3 243 19 105 201 176 232 85 66 61 243 61 185 24 40 18 106 232 147 10 215 25 41 235 249 0 215 49 211 95 159 187 71 49 165 172 106 16 211 191 20 68 112 120 33 47 37 199 210 22 68 234 92 123 130 232 8 57 84 128 184 57 172 5 24 169 143 134 100 224 246 163 147 233 165 215 57 166 174 249 97 135 164 63 42 97 69
117 233 106 192 113 115 48 238 231 40 120 136 200 185 172 76 35 91 4 31 205 213 229 32 138 247 93 233 169 239 124 82 97 204 96 75 219 230 124 63 61 227 159 186 51 100 35 239 4 119 5 159 32 44 1 63 140 9 125 100 163 132 235 158 96 121 189 223 135 198 251 52 225 180 227 161 194 186 128 246 105 212 136 149 177 30 93 113 86 91 37 83 194 146 60 74 78 88 106 2 26 217 254 163 214 252 188 11 227 92 28 222 121 216 246 67 232 233 222 244 243 115 199 168 0 213 34 194 125 213 193 193 135 164 63 72 119 120 6 72 248 176 25 7 143 175 52 86 86 8 255 56 218
126 9 205 140 162 29 96 28 255 226 211 227 130 113 124 249 48 164 240 198 13 130 24 255 20 7 191 1 80 14 189 43 62 186 217 78 45 79 94 205 0 19 129 237 129 71 194 134 81 5 55 15 108 170 62 231 215 80 109 164 181 213 37 101 90 221 113 20 184 159 32 44 181 242 16 121 125 129 116 186 211 45 79 94 220 137 33 14 209 241 20 165 63 128 91 218 222 74 234 123 14 36 156 95 78 59 250 242 33 59 24 141 93 90 39 191 30 211 156 170 137 249 109 178 138 79 13 198 231 209 252 178 1 97 35 149 111 164 80 98 209 100 242 205 138 229 107 86 19 137 149 11 72
232 161 223 23 138 211 18 144 225 222 99 246 221 130 96 216 148 137 53 246 103 90 114 114 183 224 171 193 205 192 194 172 101 226 240 245 178 157 145 218 47 3 132 146 245 156 17 63 90 72 230 62 157 239 187 201 167 137 211 130 212 9 171 250 150 204 123 223 106 211 156 170 176 237 26 238 104 55 135 220 2 184 71 83 41 22 40 137 80 0 42 97 69 223 150 251 206 220 154 185 152 115 18 144 225 81 13 106 223 131 76 101 3 27 199 248 84 232 31 228 112 120 33 149 120 60 138 3 163 173 36 35 21 81 140 191 246 78 240 198 13 247 39 217 240 197 195 237 130 183 160 168 14
162 199 190 70 41 140 62 13 142 54 60 88 2 235 145 221 183 146 111 178 98 50 107 139 167 74 157 76 130 97 106 88 118 201 195 38 21 218 178 167 78 69 115 235 209 191 26 50 76 35 91 27 237 116 237 61 129 197 157 114 84 83 238 252 221 223 116 113 138 5 5 61 15 106 88 125 182 75 193 33 37 215 57 166 239 206 111 44 212 52 205 202 118 20 121 108 69 222 240 185 152 115 248 62 211 72 38 116 13 222 254 5 215 221 163 153 212 85 249 201 24 101 168 26 70 79 94 94 133 52 181 45 219 146 101 183 96 56 127 80 104 216 148 137 187 1 251 146 255 177 212 41 91
66 58 88 138 54 229 227 218 151 11 11 186 62 13 142 6 177 145 155 241 190 147 251 87 57 0 78 126 214 72 21 81 140 37 83 194 187 135 62 160 240 83 228 108 156 165 113 242 240 198 13 220 141 233 248 197 9 36 212 177 105 9 47 111 28 25 30 95 50 107 42 29 66 116 40 83 154 220 1 63 140 183 224 171 210 128 232 235 25 45 129 246 200 62 231 15 94 5 78 54 106 241 68 171 229 76 69 174 106 254 26 147 111 61 80 108 51 137 226 132 110 221 2 184 57 172 14 209 241 228 193 163 80 31 47 63 244 142 99 208 198 225 202 197 111 172 236 93 185 108 255 179 70
198 251 52 21 221 71 127 77 83 60 199 107 85 40 201 204 16 114 232 161 223 177 125 200 36 171 45 179 50 218 11 254 244 123 162 3 120 214 223 227 92 28 118 236 37 246 138 202 63 244 142 189 223 135 194 183 255 148 53 5 119 150 232 12 99 103 158 96 121 85 139 112 147 111 61 242 109 78 43 250 248 244 152 8 217 62 119 217 226 57 243 236 120 73 153 123 212 184 217 40 31 160 171 54 100 202 44 188 186 53 121 79 190 49 110 87 92 104 39 53 212 184 217 254 184 144 185 152 115 245 45 238 134 214 247 194 127 214 106 16 211 8 249 50 250 175 157 181 136 37 103 251 104
111 196 200 62 148 17 68 60 55 242 201 125 179 234 87 170 197 76 98 81 163 93 14 141 101 90 221 41 74 10 230 106 49 134 186 182 182 106 5 131 84 221 17 174 40 218 215 191 28 95 163 1 144 166 114 216 107 27 25 121 213 229 32 240 103 164 184 57 172 4 11 88 85 168 99 141 218 240 230 89 57 57 243 40 202 44 188 237 213 162 92 172 112 2 26 217 123 14 36 101 90 221 141 240 160 153 103 172 14 153 180 244 82 87 232 53 78 32 177 52 243 115 22 210 16 54 251 190 246 163 130 179 188 224 152 168 183 15 58 240 65 74 92 213 143 101 94 81 170 215 42 14 186
27 97 229 43 250 248 106 28 54 127 231 158 238 16 130 62 73 225 137 87 172 241 33 12 57 210 122 17 174 40 168 61 33 147 111 61 226 22 244 234 147 149 176 237 26 117 110 104 230 117 49 30 10 219 240 124 205 111 172 236 44 6 64 47 177 81 113 92 207 151 181 180 72 6 125 198 6 248 76 84 169 168 234 153 192 117 54 4 245 215 111 28 25 172 77 112 0 194 58 24 137 182 129 112 127 61 143 79 155 137 21 211 174 227 201 195 38 183 46 22 96 155 60 17 177 88 83 239 0 154 231 252 70 149 67 129 45 135 6 97 200 26 70 79 177 30 93 253 127 40 243 115 199
95 134 48 252 174 176 20 121 108 136 251 226 168 0 213 54 60 88 121 83 99 54 253 84 80 98 209 70 149 67 39 177 24 6 203 87 112 204 27 7 47 59 16 176 64 218 47 3 75 125 61 26 178 66 164 115 190 138 103 53 24 175 10 83 244 195 232 161 223 89 77 168 197 41 125 50 107 139 214 248 232 163 64 37 75 110 42 242 249 128 181 126 200 85 144 19 237 98 65 185 24 40 19 158 95 218 117 17 65 99 77 187 132 30 214 194 142 92 172 112 51 7 91 255 40 247 25 231 143 196 178 173 77 192 135 141 69 242 176 237 26 239 127 17 233 55 60 234 147 149 39 199 249
