48 3
106 125 137 108 94 223 169 135 13
251 21 185 245 178 173 95 75 211
108 94 223 48 24 53 7 113 66
174 204 184 160 72 65 60 103 255
217 98 108 176 147 120 178 12 31
95 75 211 158 14 23 26 5 103
204 74 67 218 196 139 3 10 191
194 216 56 40 49 42 20 119 236
132 50 194 99 49 146 95 75 211
49 100 110 90 86 183 36 86 146
175 237 24 87 11 96 61 206 185
81 251 147 108 35 91 160 252 142
251 21 185 217 98 108 178 12 31
251 21 185 214 58 219 92 129 70
75 109 190 140 123 74 3 10 191
160 252 142 7 113 66 45 162 145
106 15 56 92 129 70 218 196 139
119 126 199 30 126 28 133 154 246
203 41 226 61 206 185 1 86 151
222 139 1 160 252 142 174 204 184
48 46 100 9 223 43 128 33 234
3 132 237 57 173 238 125 62 94
40 49 42 251 21 185 66 8 199
141 110 70 141 110 70 68 169 247
99 12 179 95 75 211 148 153 198
119 126 199 160 252 142 132 50 194
66 8 199 3 132 237 34 205 160
92 103 246 158 14 23 47 86 111
5 144 214 30 126 28 81 137 238
245 178 173 106 125 137 24 176 222
7 93 0 239 13 192 173 34 158
203 41 226 106 15 56 47 86 111
77 32 33 5 161 108 128 33 234
213 234 228 24 4 17 87 80 11
128 33 234 108 94 223 49 100 110
99 12 179 185 110 195 69 161 58
75 109 190 55 211 43 222 139 1
48 24 53 108 35 91 108 94 223
75 109 190 65 244 232 133 154 246
237 73 123 148 153 198 69 161 58
61 206 185 55 211 43 24 142 207
173 210 41 47 86 111 92 129 70
146 122 82 182 243 0 79 150 25
214 58 219 67 115 84 133 154 246
20 135 194 178 12 31 40 49 42
132 50 194 81 137 238 247 89 212
45 162 145 47 86 111 117 52 245
81 251 147 102 92 175 137 163 61
