57 3
122 89 108 250 248 207 174 228 208
186 38 33 52 194 215 133 71 8
59 178 175 90 249 173 250 248 207
200 126 35 77 243 47 153 179 140
167 25 217 111 191 11 186 38 33
107 121 6 253 46 110 122 89 108
250 248 207 143 241 53 111 191 11
224 156 166 89 30 221 13 13 122
229 70 138 247 144 223 255 49 54
9 91 176 201 206 76 200 126 35
143 241 53 159 168 249 143 241 53
33 172 163 129 52 222 253 46 110
149 167 141 119 229 129 86 157 244
129 52 222 37 40 226 25 35 199
33 172 163 186 38 33 154 170 73
71 81 131 59 178 175 47 83 159
126 122 229 86 157 244 238 207 82
188 124 139 15 4 228 112 86 189
238 207 82 126 122 229 215 245 50
162 108 89 43 164 60 226 0 102
48 47 219 114 85 107 170 246 182
193 125 253 247 144 223 155 189 213
129 52 222 157 62 234 246 180 174
246 180 174 213 186 109 234 73 149
241 197 231 138 202 97 180 182 44
159 168 249 130 231 236 41 223 211
133 71 8 47 83 159 248 198 164
138 202 97 238 207 82 119 229 129
201 206 76 73 133 5 133 71 8
41 223 211 159 168 249 194 193 145
255 49 54 37 40 226 87 106 251
13 13 122 86 157 244 21 213 200
247 144 223 178 219 15 117 112 205
163 123 133 133 71 8 116 214 116
84 66 168 235 216 128 126 122 229
163 123 133 198 36 238 43 164 60
91 132 233 39 3 210 149 167 141
117 112 205 163 123 133 45 247 13
25 35 199 149 167 141 186 38 33
143 241 53 28 96 52 116 214 116
159 168 249 84 66 168 117 112 205
45 247 13 204 162 193 122 89 108
234 73 149 211 137 150 26 97 202
59 178 175 238 207 82 162 108 89
255 49 54 226 0 102 201 206 76
178 219 15 248 198 164 194 193 145
133 71 8 135 141 134 159 168 249
37 40 226 47 83 159 71 81 131
59 178 175 142 238 243 73 133 5
21 213 200 37 40 226 52 194 215
43 164 60 68 26 119 60 165 17
234 73 149 12 23 104 143 241 53
185 220 4 159 168 249 188 124 139
188 124 139 188 124 139 186 38 33
43 164 60 255 49 54 215 245 50
116 214 116 65 14 83 206 127 118
107 121 6 180 182 44 232 181 212
