99 7
51 75 46 137 2 85 254 27 240 45 165 33 60 72 97 17 239 77 48 198 34
109 235 185 172 124 112 66 157 228 111 5 45 175 59 90 115 136 206 191 226 156
220 54 134 82 121 12 71 55 162 27 202 150 131 106 227 198 23 165 60 72 97
7 3 6 113 190 63 91 130 103 27 202 150 58 183 68 22 89 89 174 224 61
117 164 64 85 233 23 214 212 211 26 232 40 187 221 57 229 32 66 224 45 123
103 126 30 185 156 114 18 188 119 228 248 130 201 228 167 140 139 96 163 94 0
101 8 73 132 174 87 107 151 180 60 72 97 220 54 134 75 87 252 3 207 38
72 179 147 152 149 60 24 67 10 68 229 115 98 43 26 103 126 30 205 133 249
1 169 216 111 5 45 219 225 47 115 136 206 70 240 76 60 72 97 165 137 133
6 4 124 247 181 237 22 89 89 189 143 95 65 216 7 3 207 38 101 8 73
252 76 184 8 127 246 183 99 221 70 240 76 101 8 73 189 143 95 185 156 114
153 249 171 57 247 205 27 202 150 51 75 46 253 12 160 45 165 33 183 99 221
40 100 203 139 252 230 201 228 167 64 109 208 168 231 231 174 224 61 237 155 154
247 181 237 28 119 129 207 145 174 138 154 234 132 174 87 128 184 82 255 158 54
243 182 153 192 7 233 27 202 150 167 205 62 197 138 137 105 150 210 249 129 58
159 29 209 153 249 171 52 250 17 87 22 127 10 140 253 73 219 148 139 252 230
122 210 140 20 220 65 173 98 109 198 23 165 70 240 76 112 111 116 187 221 57
104 26 20 41 209 157 29 251 172 240 13 176 198 23 165 141 172 178 145 49 5
185 156 114 254 27 240 77 92 254 53 142 136 112 111 116 129 223 139 213 78 225
176 77 161 197 138 137 114 14 243 199 148 183 216 20 15 155 19 250 64 109 208
139 252 230 121 25 204 205 133 249 111 5 45 218 128 193 220 54 134 72 179 147
243 182 153 141 172 178 73 219 148 52 250 17 40 100 203 158 88 213 206 30 191
113 190 63 187 221 57 159 29 209 3 207 38 98 43 26 144 242 4 105 150 210
107 151 180 169 162 239 80 52 37 85 233 23 198 23 165 54 125 39 237 155 154
158 88 213 166 34 168 239 51 195 188 18 28 87 22 127 120 39 55 76 114 197
79 175 50 81 116 152 172 124 112 0 199 201 82 121 12 172 124 112 9 167 155
168 231 231 154 66 18 154 66 18 121 25 204 56 161 36 139 252 230 230 218 219
109 235 185 82 121 12 171 192 226 142 120 75 62 191 44 117 164 64 209 84 218
191 226 156 158 88 213 176 77 161 171 192 226 40 100 203 212 73 91 19 208 113
236 146 215 81 116 152 95 69 8 59 123 192 185 156 114 85 233 23 9 167 155
33 118 146 19 208 113 201 228 167 145 49 5 70 240 76 86 80 78 181 38 169
150 91 245 219 225 47 62 191 44 10 140 253 108 135 49 182 206 99 116 194 79
154 66 18 213 78 225 155 19 250 137 2 85 79 175 50 77 92 254 6 4 124
206 30 191 113 190 63 235 81 86 224 45 123 176 77 161 136 83 198 214 212 211
23 131 80 231 213 71 169 162 239 70 240 76 149 186 242 84 147 149 66 157 228
204 203 166 145 49 5 32 0 158 111 5 45 64 109 208 198 23 165 161 160 132
177 245 143 84 147 149 77 92 254 199 148 183 24 67 10 168 231 231 59 123 192
10 140 253 153 249 171 56 161 36 248 171 200 154 66 18 239 51 195 132 174 87
155 19 250 251 46 145 16 37 164 18 188 119 247 181 237 6 4 124 119 211 199
74 189 224 128 184 82 216 20 15 91 130 103 133 85 232 135 193 194 62 191 44
187 221 57 116 194 79 11 243 236 210 253 212 129 223 139 120 39 55 243 182 153
89 241 3 10 140 253 185 156 114 62 191 44 91 130 103 164 70 31 227 113 56
7 3 6 137 2 85 214 212 211 115 136 206 176 77 161 197 138 137 4 15 106
11 243 236 73 219 148 227 113 56 47 79 235 113 190 63 185 156 114 140 139 96
199 148 183 225 234 181 165 137 133 119 211 199 181 38 169 212 73 91 132 174 87
203 214 187 181 38 169 158 88 213 87 22 127 37 122 21 195 217 163 135 193 194
29 251 172 29 251 172 212 73 91 117 164 64 21 103 67 248 171 200 237 155 154
138 154 234 9 167 155 103 126 30 190 62 248 62 191 44 170 222 244 89 241 3
172 124 112 98 43 26 87 22 127 11 243 236 216 20 15 90 96 70 154 66 18
177 245 143 196 132 190 127 215 100 89 241 3 7 3 6 52 250 17 181 38 169
151 237 1 120 39 55 152 149 60 208 141 29 107 151 180 19 208 113 18 188 119
113 190 63 156 36 27 24 67 10 236 146 215 205 133 249 127 215 100 68 229 115
68 229 115 223 200 52 141 172 178 187 221 57 56 161 36 243 182 153 240 13 176
169 162 239 59 123 192 161 160 132 149 186 242 219 225 47 76 114 197 0 199 201
122 210 140 16 37 164 77 92 254 94 117 104 91 130 103 33 118 146 48 198 34
22 89 89 108 135 49 221 104 229 113 190 63 88 65 241 186 159 131 13 236 22
165 137 133 232 105 238 224 45 123 223 200 52 254 27 240 231 213 71 2 86 170
64 109 208 175 59 90 58 183 68 242 53 186 49 6 105 34 35 13 47 79 235
21 103 67 63 173 142 245 255 202 89 241 3 29 251 172 7 3 6 8 127 246
198 23 165 248 171 200 216 20 15 184 40 69 41 209 157 89 241 3 145 49 5
184 40 69 145 49 5 6 4 124 173 98 109 139 252 230 252 76 184 220 54 134
220 54 134 207 145 174 146 178 102 150 91 245 244 97 135 240 13 176 140 139 96
165 137 133 231 213 71 131 106 227 242 53 186 19 208 113 89 241 3 124 238 247
105 150 210 221 104 229 101 8 73 225 234 181 247 181 237 236 146 215 166 34 168
141 172 178 52 250 17 178 58 110 201 228 167 145 49 5 41 209 157 253 12 160
85 233 23 65 216 7 193 166 144 254 27 240 225 234 181 56 161 36 75 87 252
246 115 217 201 228 167 105 150 210 167 205 62 10 140 253 142 120 75 51 75 46
17 239 77 172 124 112 45 165 33 210 253 212 71 55 162 223 200 52 194 168 108
225 234 181 147 197 182 132 174 87 53 142 136 224 45 123 89 241 3 71 55 162
128 184 82 64 109 208 197 138 137 191 226 156 185 156 114 214 212 211 186 159 131
2 86 170 173 98 109 141 172 178 175 59 90 249 129 58 144 242 4 11 243 236
173 98 109 186 159 131 191 226 156 71 55 162 229 32 66 16 37 164 57 247 205
51 75 46 16 37 164 176 77 161 163 94 0 108 135 49 154 66 18 131 106 227
237 155 154 61 163 43 51 75 46 183 99 221 168 231 231 11 243 236 114 14 243
173 98 109 161 160 132 79 175 50 229 32 66 243 182 153 13 236 22 221 104 229
212 73 91 95 69 8 93 24 41 9 167 155 223 200 52 19 208 113 235 81 86
63 173 142 68 229 115 8 127 246 66 157 228 194 168 108 149 186 242 91 130 103
36 50 59 59 123 192 110 176 16 173 98 109 229 32 66 95 69 8 30 61 2
166 34 168 206 30 191 66 157 228 75 87 252 11 243 236 225 234 181 151 237 1
236 146 215 198 23 165 33 118 146 2 86 170 52 250 17 243 182 153 6 4 124
113 190 63 40 100 203 170 222 244 107 151 180 20 220 65 30 61 2 255 158 54
189 143 95 74 189 224 171 192 226 240 13 176 74 189 224 101 8 73 186 159 131
64 109 208 84 147 149 109 235 185 87 22 127 249 129 58 142 120 75 156 36 27
156 36 27 69 48 93 124 238 247 75 87 252 64 109 208 2 86 170 206 30 191
22 89 89 105 150 210 65 216 7 30 61 2 205 133 249 16 37 164 22 89 89
58 183 68 97 71 48 127 215 100 255 158 54 103 126 30 213 78 225 161 160 132
189 143 95 76 114 197 66 157 228 27 202 150 154 66 18 205 133 249 40 100 203
127 215 100 115 136 206 109 235 185 47 79 235 221 104 229 214 212 211 37 122 21
132 174 87 216 20 15 212 73 91 141 172 178 34 35 13 244 97 135 109 235 185
108 135 49 2 86 170 117 164 64 66 157 228 94 117 104 166 34 168 237 155 154
218 128 193 191 226 156 180 9 92 150 91 245 176 77 161 107 151 180 90 96 70
87 22 127 135 193 194 40 100 203 64 109 208 29 251 172 76 114 197 36 50 59
228 248 130 228 248 130 151 237 1 149 186 242 166 34 168 57 247 205 177 245 143
72 179 147 8 127 246 86 80 78 237 155 154 3 207 38 119 211 199 51 75 46
153 249 171 108 135 49 225 234 181 254 27 240 167 205 62 140 139 96 0 199 201
175 59 90 209 84 218 98 43 26 142 120 75 28 119 129 3 207 38 34 35 13
170 222 244 156 36 27 166 34 168 194 168 108 216 20 15 186 159 131 30 61 2
204 203 166 79 175 50 24 67 10 13 236 22 148 95 126 6 4 124 127 215 100
57 247 205 218 128 193 228 248 130 188 18 28 27 202 150 91 130 103 70 240 76
