74 5
62 173 187 56 143 69 59 250 234 24 156 93 86 247 120
125 142 34 87 8 127 94 35 246 242 49 113 227 85 129
158 166 150 53 71 96 159 38 101 58 123 65 58 123 65
155 96 206 58 123 65 102 240 142 208 88 126 140 169 21
254 103 182 207 19 242 199 174 87 19 212 53 106 56 159
247 118 22 24 156 93 7 52 61 242 49 113 72 77 33
201 219 245 86 247 120 145 172 133 79 9 109 81 186 30
224 26 106 40 138 104 171 14 233 83 61 102 171 14 233
39 140 35 120 144 25 86 247 120 24 156 93 81 186 30
7 52 61 73 231 81 247 118 22 210 12 250 221 32 172
172 198 244 52 244 156 40 138 104 93 128 168 25 31 54
197 79 79 110 239 99 205 60 252 149 199 138 137 11 49
182 58 105 39 140 35 41 23 167 73 231 81 23 69 205
112 20 29 171 14 233 210 12 250 222 246 77 42 170 239
82 254 175 201 219 245 245 22 74 72 77 33 49 221 16
24 156 93 113 165 238 175 40 185 223 109 118 82 254 175
7 52 61 9 248 237 97 83 64 199 174 87 65 4 112
172 198 244 16 92 160 122 29 215 235 17 147 19 212 53
208 88 126 182 58 105 59 250 234 104 50 217 205 60 252
1 225 40 159 38 101 56 143 69 63 74 143 201 219 245
228 192 46 112 20 29 93 128 168 201 219 245 152 81 216
168 130 84 65 4 112 102 240 142 79 9 109 195 229 179
137 11 49 149 199 138 189 245 225 86 247 120 92 89 66
104 50 217 60 168 75 113 165 238 14 194 231 87 8 127
171 14 233 186 217 83 196 10 194 120 144 25 93 128 168
20 154 219 242 49 113 149 199 138 241 187 41 187 3 38
137 11 49 119 253 186 150 190 115 23 69 205 34 6 201
145 172 133 150 190 115 40 138 104 208 88 126 78 146 108
241 187 41 126 62 174 197 79 79 227 85 129 110 239 99
207 19 242 197 79 79 199 174 87 9 248 237 41 23 167
221 32 172 46 48 191 205 60 252 19 212 53 7 52 61
254 103 182 85 205 24 47 107 70 159 38 101 57 86 196
110 239 99 127 97 149 75 125 236 145 172 133 241 187 41
127 97 149 104 50 217 53 71 96 82 254 175 74 181 78
46 48 191 125 142 34 96 55 192 112 20 29 97 83 64
163 206 18 224 26 106 53 71 96 227 85 129 229 105 43
92 89 66 74 181 78 139 133 226 38 112 166 234 185 85
247 118 22 155 96 206 93 128 168 149 199 138 16 92 160
241 187 41 40 138 104 19 212 53 56 143 69 39 140 35
179 145 3 139 133 226 47 107 70 131 90 251 81 186 30
210 12 250 163 206 18 94 35 246 203 151 111 83 61 102
81 186 30 1 225 40 222 246 77 117 202 218 223 109 118
7 52 61 195 229 179 192 162 235 187 3 38 229 105 43
39 140 35 51 121 220 159 38 101 34 6 201 106 56 159
24 156 93 254 103 182 49 221 16 163 206 18 221 32 172
137 11 49 16 92 160 97 83 64 82 254 175 83 61 102
162 213 60 254 103 182 146 227 123 129 179 254 207 19 242
187 3 38 97 83 64 163 206 18 45 189 128 46 48 191
189 245 225 240 68 5 110 239 99 53 71 96 232 167 72
58 123 65 125 142 34 113 165 238 208 88 126 24 156 93
248 139 131 147 178 161 97 83 64 137 11 49 12 54 62
195 229 179 47 107 70 60 168 75 16 92 160 120 144 25
96 55 192 68 182 171 7 52 61 72 77 33 146 227 123
24 156 93 252 24 48 149 199 138 113 165 238 242 49 113
82 254 175 221 32 172 131 90 251 82 254 175 83 61 102
96 55 192 49 221 16 117 202 218 107 5 229 85 205 24
52 244 156 155 96 206 12 54 62 142 53 210 42 170 239
179 145 3 92 89 66 160 249 200 195 229 179 101 25 10
163 206 18 104 50 217 228 192 46 222 246 77 59 250 234
235 17 147 81 186 30 68 182 171 160 249 200 245 22 74
68 182 171 203 151 111 112 20 29 83 61 102 73 231 81
210 12 250 159 38 101 126 62 174 175 40 185 53 71 96
139 133 226 192 162 235 182 58 105 201 219 245 51 121 220
9 248 237 112 20 29 25 31 54 207 19 242 101 25 10
52 244 156 93 128 168 163 206 18 41 23 167 137 11 49
68 182 171 147 178 161 187 3 38 42 170 239 20 154 219
252 24 48 127 97 149 68 182 171 24 156 93 171 14 233
59 250 234 39 140 35 72 77 33 49 221 16 62 173 187
83 61 102 9 248 237 231 234 124 75 125 236 231 234 124
9 248 237 247 118 22 107 5 229 52 244 156 42 170 239
152 81 216 38 112 166 156 137 71 73 231 81 32 163 232
58 123 65 171 14 233 41 23 167 32 163 232 102 240 142
39 140 35 241 187 41 126 62 174 179 145 3 131 90 251
93 128 168 41 23 167 140 169 21 170 51 207 106 56 159
