16 7
230 78 8 184 10 69 46 110 24 83 167 124 161 85 131 35 159 219 251 47 176
78 214 243 53 38 78 22 97 229 230 78 8 43 164 66 180 101 232 150 132 134
249 77 162 205 253 179 140 102 220 129 250 65 155 108 3 97 91 111 41 185 33
12 36 88 69 179 37 102 62 214 121 41 98 182 48 60 162 215 178 171 136 26
112 87 14 31 212 183 4 172 77 184 10 69 20 7 80 162 215 178 203 6 215
166 118 92 92 21 163 140 102 220 173 148 48 92 21 163 242 65 161 53 38 78
183 127 196 233 52 246 150 132 134 182 48 60 24 95 172 94 57 2 183 127 196
154 83 174 97 91 111 180 101 232 234 190 147 246 80 44 47 234 149 236 11 202
162 215 178 205 253 179 233 52 246 84 255 91 75 246 20 35 159 219 117 42 248
249 77 162 202 133 42 82 120 95 71 199 49 230 78 8 2 169 216 61 248 146
163 157 82 3 22 154 191 198 25 18 178 104 13 17 236 29 143 70 217 140 205
16 26 247 184 10 69 162 215 178 206 12 96 95 236 130 212 173 157 106 200 207
251 47 176 92 21 163 22 97 229 156 170 208 78 214 243 168 183 40 85 4 84
104 105 200 157 67 135 180 101 232 185 49 201 161 85 131 182 48 60 189 96 0
212 173 157 8 194 54 196 54 103 229 245 76 224 224 197 77 20 148 254 116 188
115 217 136 77 20 148 64 1 255 78 214 243 139 104 145 35 159 219 96 174 56
