9 52
179 163 208 55 229 242 158 200 87 226 171 112 65 153 160 145 57 202 142 7 92 23 84 31 253 68 25 132 203 181 27 210 87 231 162 229 111 77 122 179 132 114 206 69 68 253 76 210 70 141 12 67 105 95 96 189 232 107 97 125 16 39 42 67 62 237 250 146 116 173 175 160 7 24 57 96 189 232 200 67 157 224 243 199 248 99 133 247 9 182 75 228 104 47 113 216 100 200 11 56 151 58 214 42 114 27 74 101 121 212 17 37 148 223 41 204 187 171 143 247 39 182 107 67 62 237 214 42 114 221 167 229 92 204 22 33 154 6 63 7 67 222 201 168 243 165 205 132 203 181 73 46 248 248 99 133
135 236 65 52 56 167 204 234 45 194 28 91 5 164 41 5 164 41 0 87 202 182 224 46 245 89 79 248 57 105 165 160 94 144 90 140 24 145 82 171 143 247 185 127 11 221 10 199 88 1 101 31 91 195 88 1 101 88 152 185 111 77 122 63 213 32 76 5 249 57 162 244 214 42 114 106 131 45 73 46 248 32 100 97 147 254 187 247 9 182 23 84 31 218 29 241 18 22 188 253 76 210 250 119 31 80 195 83 250 146 116 41 204 187 0 254 86 20 42 95 224 243 199 116 156 90 248 241 236 74 222 218 76 124 219 38 42 0 52 56 167 26 67 224 194 28 91 255 232 177 165 160 94 186 42 19
63 146 201 224 243 199 242 126 70 84 125 138 243 165 205 96 189 232 3 28 248 102 52 159 22 176 50 183 231 109 226 171 112 206 230 2 107 97 125 242 25 183 5 164 41 250 146 116 88 201 7 31 131 140 165 160 94 27 74 101 11 124 192 135 236 65 26 203 49 63 213 32 255 165 27 80 195 83 157 66 178 169 188 177 88 152 185 82 1 46 63 213 32 189 251 103 121 137 223 115 64 104 115 90 92 47 113 216 165 205 193 168 182 145 88 152 185 16 39 42 5 193 129 173 117 228 227 209 149 116 156 90 231 66 36 26 203 49 209 185 188 55 60 120 115 90 92 52 56 167 44 244 78 80 108 3
150 85 64 128 20 249 107 97 125 88 183 136 168 153 22 45 152 121 105 0 125 16 39 42 189 251 103 179 47 12 204 234 45 154 153 61 229 192 162 20 42 95 193 187 57 237 211 159 128 186 32 142 7 92 38 42 0 128 20 249 243 165 205 41 204 187 173 117 228 85 0 4 224 137 219 37 148 223 55 60 120 229 104 104 199 211 209 38 214 50 76 124 219 226 171 112 87 208 108 125 240 167 243 43 242 150 85 64 255 232 177 165 160 94 5 164 41 56 235 65 105 0 125 243 61 199 115 90 92 75 228 104 87 208 108 183 192 192 121 212 17 52 56 167 27 74 101 188 56 39 60 161 135 0 254 86
30 249 242 183 20 252 182 162 108 31 131 140 228 156 245 231 66 36 26 67 224 165 205 193 132 203 181 33 154 6 209 185 188 169 188 177 17 178 190 158 200 87 145 57 202 0 254 86 173 175 160 100 200 11 231 162 229 88 201 7 228 156 245 228 156 245 148 83 151 194 28 91 17 178 190 63 146 201 68 165 144 53 149 195 66 72 170 113 127 149 183 192 192 56 12 3 255 232 177 93 212 183 158 200 87 189 251 103 107 135 120 179 163 208 152 46 218 44 244 78 209 185 188 32 100 97 228 156 245 26 203 49 148 83 151 5 164 41 115 64 104 17 178 190 245 89 79 31 131 140 171 143 247 64 200 108
117 98 227 59 103 53 168 190 230 78 191 13 38 42 0 246 48 108 248 57 105 88 1 101 142 7 92 88 1 101 63 213 32 250 177 118 18 22 188 243 165 205 242 25 183 158 202 3 71 84 99 227 209 149 78 191 13 158 110 182 1 146 25 152 46 218 82 1 46 161 250 214 33 4 247 215 251 115 39 182 107 75 10 127 186 121 101 183 20 252 179 47 12 106 23 69 85 0 4 102 52 159 169 188 177 199 211 209 115 90 92 116 156 90 137 152 98 171 143 247 167 83 229 121 205 21 179 163 208 250 104 178 11 225 105 168 190 230 229 192 162 3 230 1 238 87 139 108 234 217 255 165 27 242 25 183
26 203 49 108 234 217 182 224 46 255 232 177 65 153 160 194 128 251 194 28 91 64 200 108 227 209 149 5 164 41 228 156 245 242 25 183 121 137 223 76 124 219 227 209 149 215 251 115 135 107 33 246 48 108 145 57 202 242 126 70 220 99 27 168 196 206 161 250 214 31 91 195 80 195 83 37 148 223 151 11 110 250 146 116 248 241 236 231 162 229 63 213 32 108 234 217 150 85 64 117 98 227 121 205 21 38 214 50 94 63 183 52 56 167 151 11 110 189 119 75 248 241 236 145 57 202 5 193 129 165 205 193 173 175 160 242 25 183 76 5 249 14 104 157 195 227 102 45 152 121 64 200 108 88 201 7
231 66 36 44 28 217 117 98 227 0 87 202 31 91 195 186 121 101 157 66 178 158 200 87 157 66 178 119 65 141 127 150 4 57 211 226 204 234 45 178 174 159 100 200 11 108 234 217 157 78 20 223 150 189 202 61 137 74 222 218 238 87 139 241 96 203 250 146 116 75 228 104 38 42 0 66 72 170 65 153 160 230 206 139 218 29 241 18 22 188 44 244 78 68 165 144 224 137 219 243 43 242 202 61 137 107 48 78 228 156 245 73 46 248 22 176 50 64 200 108 183 192 192 92 204 22 194 128 251 127 150 4 55 60 120 108 182 80 135 107 33 194 28 91 200 67 157 90 16 22 250 177 118 248 99 133
67 8 155 11 225 105 44 244 78 14 104 157 44 28 217 111 77 122 106 23 69 204 234 45 188 56 39 144 90 140 76 124 219 88 152 185 80 195 83 158 110 182 221 10 199 147 254 187 14 104 157 70 141 12 18 22 188 5 193 129 29 13 86 125 240 167 26 203 49 90 16 22 67 8 155 151 11 110 18 22 188 167 83 229 60 248 80 57 162 244 85 0 4 135 236 65 142 86 65 255 232 177 250 146 116 229 192 162 68 165 144 250 119 31 30 134 235 94 63 183 107 135 120 195 225 36 158 200 87 171 143 247 61 134 85 222 201 168 121 212 17 16 39 42 214 42 114 215 189 156 47 113 216 121 137 223
