70 8
231 209 7 35 28 220 204 214 192 154 72 254 185 175 156 143 123 26 177 121 238 116 66 120
210 195 25 175 242 179 183 176 28 254 152 89 19 196 252 117 201 245 193 135 92 121 25 100
112 120 111 49 82 57 96 120 232 219 245 181 239 123 4 191 133 50 146 54 79 5 96 172
193 135 92 52 123 38 114 53 75 208 248 181 175 182 66 159 44 76 89 195 106 223 170 177
175 182 66 63 209 161 80 204 239 175 242 179 119 83 179 169 171 226 143 123 26 106 97 103
254 152 89 55 205 136 208 233 22 187 123 28 125 105 233 27 11 101 159 195 15 131 248 96
188 30 219 175 105 14 106 97 103 207 26 121 116 66 120 208 233 22 201 148 242 118 165 100
121 151 180 19 197 67 119 185 94 110 40 52 104 57 246 207 26 121 134 190 123 134 141 243
27 11 101 104 57 246 191 133 50 245 137 48 185 175 156 86 19 210 240 103 231 59 114 145
175 105 14 44 221 93 223 205 21 78 128 40 119 185 94 253 9 168 44 88 215 159 195 15
239 123 4 192 116 34 240 103 231 208 39 39 136 88 241 117 201 245 169 171 226 192 126 149
208 248 181 201 148 242 59 253 33 243 183 91 114 53 75 193 135 92 0 76 207 44 221 93
224 252 170 200 48 165 169 171 226 245 137 48 63 71 19 219 245 181 143 123 26 204 36 144
204 36 144 80 204 239 100 56 113 36 97 83 175 182 66 146 54 79 147 224 225 216 173 3
200 168 236 164 21 64 175 242 179 96 153 163 248 23 153 181 172 131 36 97 83 86 223 11
117 201 245 204 36 144 44 221 93 19 197 67 36 97 83 191 92 36 240 79 190 254 152 89
210 195 25 246 121 169 192 126 149 1 92 65 253 13 60 200 168 236 59 253 33 170 205 167
209 84 67 200 163 15 122 20 60 209 84 67 53 51 221 137 92 21 119 83 179 208 38 131
230 150 62 201 148 242 208 39 39 213 21 236 0 32 159 63 209 161 1 92 65 231 209 7
149 192 208 177 121 238 254 152 89 11 28 135 188 30 219 219 114 243 220 233 96 134 220 172
219 245 181 99 74 19 104 57 246 11 102 142 89 215 99 175 105 14 243 183 91 240 79 190
116 66 120 134 169 55 177 121 238 175 182 66 10 28 184 219 245 181 136 161 192 63 209 161
175 242 179 89 134 98 137 92 21 147 224 225 5 172 188 137 92 21 116 66 120 152 46 113
35 28 220 200 48 165 253 9 168 28 129 164 12 144 247 172 63 150 220 233 96 200 48 165
112 44 214 204 214 192 241 117 139 92 231 92 8 104 249 36 97 83 159 44 76 10 28 184
118 165 100 209 84 67 6 249 154 95 39 91 202 207 115 245 137 48 117 201 245 66 192 255
87 214 211 253 13 60 119 83 179 80 204 239 128 241 200 134 190 123 99 74 19 72 70 84
122 20 60 68 146 87 104 57 246 28 167 185 11 28 135 10 82 128 142 176 247 27 116 185
180 193 122 134 220 172 59 114 145 196 246 26 28 129 164 246 160 4 59 114 145 194 178 187
208 248 181 104 57 246 59 114 145 96 120 232 219 114 243 36 44 129 240 79 190 207 26 121
12 144 247 5 176 68 152 46 113 143 123 26 69 106 37 55 205 136 10 82 128 161 2 80
206 160 117 192 126 149 175 182 66 71 83 194 241 117 139 200 163 15 155 152 3 200 180 212
53 51 221 200 48 165 87 214 211 74 141 141 191 92 36 211 66 213 161 2 80 143 123 26
154 72 254 134 169 55 104 57 246 200 48 165 12 144 247 5 172 188 97 193 19 191 92 36
100 56 113 63 71 19 86 19 210 204 36 144 71 83 194 1 92 65 19 196 252 230 150 62
208 248 181 27 11 101 126 226 184 67 125 232 36 8 141 44 221 93 136 205 233 249 244 173
63 209 161 76 78 243 30 24 239 78 128 40 27 116 185 136 205 233 63 209 161 218 39 28
125 105 233 118 165 100 240 103 231 93 238 184 155 152 3 208 38 131 223 170 177 139 253 121
44 149 242 231 209 7 114 219 197 40 237 191 152 46 113 142 176 247 9 181 95 12 144 247
134 190 123 5 96 172 30 24 239 200 163 15 12 26 112 230 150 62 161 150 85 132 120 221
132 120 221 192 126 149 245 137 48 155 152 3 16 197 238 64 192 177 202 90 226 72 70 84
9 181 95 161 2 80 136 161 192 36 187 140 114 53 75 64 192 177 142 176 247 218 39 28
223 205 21 154 72 254 149 192 208 159 195 15 119 185 94 76 78 243 194 178 187 204 36 144
99 74 19 121 25 100 44 88 215 232 86 95 201 249 243 134 169 55 136 205 233 55 205 136
170 205 167 12 26 112 185 175 156 248 23 153 114 53 75 231 209 7 177 121 238 63 71 19
5 176 68 30 24 239 150 205 147 183 176 28 5 172 188 200 180 212 211 66 213 135 210 113
119 185 94 99 74 19 68 146 87 169 158 246 181 172 131 202 207 115 188 30 219 146 54 79
122 20 60 210 195 25 232 86 95 5 172 188 23 100 69 93 238 184 112 120 111 241 117 139
240 103 231 185 175 156 225 88 225 104 57 246 19 196 252 130 73 218 53 113 88 35 28 220
92 231 92 79 140 68 229 220 254 5 96 172 154 72 254 136 161 192 202 90 226 87 214 211
216 173 3 91 4 133 147 224 225 159 135 46 52 123 38 17 107 51 134 190 123 128 241 200
243 183 91 5 176 68 116 66 120 213 21 236 136 88 241 177 121 238 5 172 188 142 230 213
164 147 232 10 28 184 117 201 245 152 46 113 188 30 219 164 147 232 192 116 34 164 147 232
218 39 28 89 195 106 106 97 103 241 117 139 169 171 226 231 209 7 240 79 190 116 66 120
161 2 80 218 39 28 134 169 55 12 144 247 147 224 225 134 169 55 53 51 221 130 73 218
219 114 243 207 26 121 243 231 251 55 205 136 72 70 84 136 88 241 36 8 141 191 133 50
114 53 75 192 126 149 249 244 173 53 121 178 27 116 185 159 44 76 213 21 236 27 11 101
207 26 121 137 92 21 139 54 137 131 248 96 104 57 246 121 151 180 89 195 106 246 160 4
95 39 91 44 88 215 223 170 177 243 231 251 21 105 123 86 223 11 87 214 211 159 44 76
134 190 123 172 63 150 211 66 213 139 253 121 134 190 123 0 32 159 218 39 28 99 74 19
5 172 188 119 83 179 21 123 96 218 39 28 89 215 99 0 32 159 208 38 131 28 167 185
223 205 21 114 53 75 8 104 249 81 0 181 16 197 238 204 122 97 63 71 19 177 146 132
204 122 97 97 193 19 136 88 241 231 209 7 114 53 75 11 28 135 183 70 26 42 31 93
134 190 123 194 178 187 121 25 100 86 223 11 55 205 136 147 224 225 64 192 177 118 165 100
11 28 135 232 86 95 17 107 51 202 90 226 49 82 57 229 220 254 208 233 22 21 123 96
0 32 159 253 9 168 66 192 255 36 187 140 79 140 68 9 181 95 38 81 164 5 96 172
35 28 220 216 173 3 122 20 60 186 116 147 136 205 233 88 127 17 159 135 46 0 32 159
134 169 55 231 209 7 210 195 25 180 193 122 175 105 14 210 195 25 1 92 65 175 242 179
200 163 15 210 195 25 204 122 97 91 4 133 114 53 75 53 51 221 28 129 164 200 168 236
208 39 39 36 8 141 230 150 62 74 141 141 134 169 55 28 167 185 200 180 212 10 82 128
