22 4
67 114 246 131 158 91 187 212 116 105 42 240
95 76 177 42 186 48 76 11 120 76 11 120
194 113 170 251 81 151 15 6 132 119 151 111
187 212 116 192 165 200 24 59 252 86 40 69
98 14 89 59 131 54 31 208 187 240 251 36
220 100 116 48 85 99 233 176 84 251 81 151
74 78 200 86 40 69 226 255 120 15 6 132
73 115 115 193 18 231 134 123 121 192 165 200
193 18 231 98 14 89 54 119 125 131 158 91
54 119 125 131 158 91 125 140 230 233 42 146
67 114 246 123 161 29 240 251 36 233 42 146
1 7 225 48 85 99 24 59 252 15 6 132
247 157 242 76 11 120 76 11 120 67 114 246
142 183 221 1 76 245 59 131 54 116 95 216
24 59 252 118 112 114 192 165 200 73 115 115
74 149 154 131 158 91 185 137 121 233 176 84
74 149 154 192 165 200 48 85 99 116 95 216
119 151 111 14 118 232 226 255 120 176 238 230
1 76 245 142 183 221 0 122 112 118 112 114
193 18 231 0 122 112 24 59 252 42 186 48
220 100 116 131 158 91 125 140 230 226 255 120
247 157 242 86 40 69 15 6 132 54 119 125
