43 9
163 188 111 186 213 160 217 11 210 217 11 210 217 11 210 217 11 210 217 11 210 186 213 160 13 10 144
217 11 210 13 10 144 217 11 210 217 11 210 163 188 111 176 203 48 224 91 172 224 91 172 79 61 229
127 185 39 200 230 57 176 203 48 79 61 229 224 91 172 127 185 39 176 203 48 217 11 210 79 61 229
79 61 229 186 213 160 200 230 57 127 185 39 217 11 210 186 213 160 127 185 39 79 61 229 186 213 160
13 10 144 13 10 144 127 185 39 79 61 229 79 61 229 127 185 39 186 213 160 200 230 57 127 185 39
176 203 48 217 11 210 224 91 172 176 203 48 176 203 48 127 185 39 176 203 48 176 203 48 217 11 210
13 10 144 176 203 48 79 61 229 163 188 111 186 213 160 186 213 160 79 61 229 163 188 111 200 230 57
13 10 144 163 188 111 186 213 160 13 10 144 127 185 39 127 185 39 127 185 39 224 91 172 13 10 144
127 185 39 79 61 229 217 11 210 200 230 57 163 188 111 186 213 160 200 230 57 224 91 172 176 203 48
163 188 111 224 91 172 186 213 160 13 10 144 224 91 172 79 61 229 163 188 111 217 11 210 217 11 210
13 10 144 13 10 144 224 91 172 224 91 172 13 10 144 217 11 210 224 91 172 186 213 160 163 188 111
200 230 57 200 230 57 127 185 39 79 61 229 79 61 229 224 91 172 217 11 210 200 230 57 217 11 210
163 188 111 79 61 229 224 91 172 200 230 57 217 11 210 127 185 39 163 188 111 224 91 172 224 91 172
79 61 229 79 61 229 224 91 172 79 61 229 186 213 160 176 203 48 79 61 229 200 230 57 79 61 229
186 213 160 186 213 160 176 203 48 13 10 144 13 10 144 176 203 48 79 61 229 200 230 57 224 91 172
200 230 57 176 203 48 200 230 57 176 203 48 13 10 144 163 188 111 176 203 48 217 11 210 176 203 48
217 11 210 200 230 57 79 61 229 217 11 210 127 185 39 13 10 144 79 61 229 217 11 210 127 185 39
79 61 229 163 188 111 217 11 210 217 11 210 186 213 160 217 11 210 13 10 144 79 61 229 176 203 48
200 230 57 186 213 160 200 230 57 200 230 57 186 213 160 176 203 48 224 91 172 13 10 144 163 188 111
13 10 144 200 230 57 200 230 57 79 61 229 127 185 39 127 185 39 176 203 48 224 91 172 224 91 172
186 213 160 176 203 48 13 10 144 127 185 39 224 91 172 200 230 57 186 213 160 127 185 39 200 230 57
127 185 39 224 91 172 186 213 160 163 188 111 186 213 160 79 61 229 200 230 57 186 213 160 79 61 229
163 188 111 13 10 144 163 188 111 186 213 160 224 91 172 217 11 210 13 10 144 224 91 172 176 203 48
79 61 229 176 203 48 79 61 229 163 188 111 186 213 160 13 10 144 13 10 144 217 11 210 176 203 48
217 11 210 186 213 160 127 185 39 79 61 229 200 230 57 163 188 111 200 230 57 13 10 144 200 230 57
79 61 229 79 61 229 13 10 144 217 11 210 217 11 210 186 213 160 176 203 48 79 61 229 127 185 39
224 91 172 13 10 144 224 91 172 186 213 160 79 61 229 176 203 48 13 10 144 13 10 144 163 188 111
224 91 172 200 230 57 217 11 210 200 230 57 186 213 160 163 188 111 13 10 144 163 188 111 176 203 48
186 213 160 224 91 172 13 10 144 217 11 210 13 10 144 186 213 160 224 91 172 200 230 57 200 230 57
127 185 39 224 91 172 79 61 229 200 230 57 217 11 210 200 230 57 176 203 48 176 203 48 200 230 57
176 203 48 127 185 39 79 61 229 13 10 144 79 61 229 186 213 160 186 213 160 176 203 48 176 203 48
127 185 39 224 91 172 163 188 111 224 91 172 163 188 111 186 213 160 79 61 229 163 188 111 176 203 48
13 10 144 176 203 48 127 185 39 13 10 144 13 10 144 127 185 39 176 203 48 13 10 144 217 11 210
200 230 57 163 188 111 127 185 39 79 61 229 217 11 210 79 61 229 176 203 48 163 188 111 163 188 111
200 230 57 186 213 160 176 203 48 163 188 111 224 91 172 176 203 48 186 213 160 224 91 172 224 91 172
200 230 57 176 203 48 163 188 111 127 185 39 224 91 172 127 185 39 176 203 48 224 91 172 79 61 229
200 230 57 79 61 229 200 230 57 79 61 229 13 10 144 217 11 210 186 213 160 163 188 111 163 188 111
176 203 48 79 61 229 13 10 144 200 230 57 163 188 111 13 10 144 127 185 39 79 61 229 217 11 210
200 230 57 127 185 39 176 203 48 200 230 57 163 188 111 200 230 57 224 91 172 127 185 39 163 188 111
127 185 39 163 188 111 217 11 210 163 188 111 224 91 172 13 10 144 127 185 39 224 91 172 176 203 48
127 185 39 163 188 111 200 230 57 79 61 229 163 188 111 127 185 39 186 213 160 200 230 57 217 11 210
186 213 160 200 230 57 200 230 57 217 11 210 163 188 111 200 230 57 79 61 229 186 213 160 163 188 111
127 185 39 127 185 39 163 188 111 163 188 111 163 188 111 224 91 172 200 230 57 79 61 229 224 91 172
