88 5
83 33 219 180 14 82 13 168 140 250 194 97 207 123 210
85 125 183 142 9 174 206 252 185 249 91 161 138 53 248
236 60 52 174 184 220 61 139 228 146 239 84 196 131 168
84 44 44 63 253 251 222 149 21 18 235 251 186 162 55
200 102 86 222 149 21 152 170 160 29 160 60 197 120 0
204 33 148 136 105 118 171 238 140 113 2 245 77 192 92
178 111 133 134 119 232 211 99 126 94 224 197 187 96 37
251 91 246 18 235 251 61 218 248 64 222 177 136 114 115
179 204 242 217 172 231 200 136 99 172 184 47 245 15 44
186 86 155 56 20 64 235 251 194 13 133 43 44 30 178
66 112 214 116 241 198 181 47 122 217 172 231 229 47 202
184 224 195 229 47 202 50 1 175 60 170 189 42 207 235
143 15 182 156 214 68 206 252 185 71 153 255 13 133 43
50 194 163 206 148 135 20 236 215 235 196 19 214 10 86
144 44 147 211 96 229 153 142 253 152 170 160 239 164 158
96 156 93 107 200 210 254 239 150 142 9 174 56 153 219
187 96 37 46 26 85 21 97 38 207 123 210 247 93 10
21 1 112 165 159 163 71 103 117 185 6 248 42 151 74
76 1 145 31 201 139 113 2 245 150 15 186 139 116 253
63 253 251 149 28 159 92 104 161 30 207 16 220 205 99
185 6 248 191 60 112 156 214 68 30 207 16 198 146 174
99 190 123 46 26 85 38 48 196 54 150 128 200 75 194
169 31 67 231 119 214 154 112 139 160 211 47 63 253 251
144 235 62 9 209 86 46 53 64 145 195 93 254 139 99
103 109 25 135 118 24 178 153 123 136 105 118 211 166 21
251 91 246 245 15 44 202 230 143 251 91 246 235 196 19
149 28 159 34 18 24 245 17 184 42 151 74 229 31 242
116 241 198 89 127 162 240 41 195 206 40 6 254 139 99
93 226 190 95 195 28 82 36 82 144 235 62 197 120 0
178 205 16 169 31 67 67 115 1 240 5 41 165 186 117
41 101 143 132 191 29 0 37 246 84 86 39 234 184 102
38 114 153 64 222 177 24 4 177 14 160 81 97 97 219
178 153 123 129 143 220 32 250 64 77 192 92 211 96 229
57 164 252 56 20 64 236 60 52 214 111 127 42 151 74
187 35 8 51 203 150 0 214 124 240 41 195 243 231 238
96 156 93 32 250 64 237 112 16 96 156 93 243 231 238
87 146 8 17 30 129 93 62 195 128 11 200 216 45 49
191 55 83 240 5 41 142 139 207 48 249 102 125 29 235
195 56 103 111 241 225 150 15 186 232 22 23 153 65 155
89 127 162 144 235 62 56 153 219 10 237 67 185 6 248
143 15 182 11 207 116 203 107 145 23 165 246 139 116 253
185 6 248 212 93 244 193 210 219 67 115 1 13 133 43
12 197 202 88 24 46 196 223 170 66 112 214 169 31 67
92 104 161 96 39 153 153 65 155 250 194 97 13 133 43
207 77 13 18 68 159 232 22 23 210 28 22 240 5 41
134 119 232 129 186 117 97 97 219 217 197 234 211 99 126
254 175 249 231 119 214 243 231 238 190 144 191 71 153 255
200 75 194 29 160 60 200 136 99 152 246 221 146 30 241
142 139 207 160 129 38 224 54 196 207 77 13 51 199 11
64 23 217 208 105 16 61 139 228 179 204 242 255 146 4
21 1 112 64 97 5 216 107 223 196 15 137 0 214 124
42 151 74 229 47 202 184 121 47 168 44 52 161 196 199
232 22 23 184 121 47 56 153 219 206 40 6 176 235 38
87 146 8 57 233 51 176 235 38 73 80 190 43 105 10
51 203 150 232 171 204 129 186 117 125 29 235 234 184 102
25 100 14 4 109 170 247 93 10 206 27 173 64 97 5
130 183 190 60 170 189 196 223 170 23 158 213 127 53 243
148 67 108 200 136 99 200 102 86 93 226 190 57 233 51
144 44 147 54 150 128 23 165 246 92 91 6 123 197 253
178 111 133 200 75 194 94 224 197 60 230 37 214 111 127
48 249 102 38 114 153 119 7 7 51 199 11 112 198 209
247 93 10 254 139 99 216 56 14 31 201 139 254 175 249
232 13 156 191 60 112 0 214 124 216 107 223 125 29 235
232 13 156 135 36 42 51 199 11 96 22 103 147 183 48
229 31 242 1 223 196 254 175 249 187 35 8 64 23 217
71 103 117 1 223 196 129 186 117 64 97 5 216 56 14
239 164 158 44 30 178 87 146 8 84 86 39 200 13 184
71 153 255 38 114 153 241 152 217 125 29 235 102 53 151
210 28 22 96 22 103 204 180 199 245 15 44 77 192 92
184 224 195 32 237 249 200 13 184 128 11 200 159 47 187
198 22 3 135 36 42 146 239 84 161 196 170 67 115 1
232 13 156 224 54 196 77 192 92 70 93 28 89 127 162
235 251 194 254 139 99 235 251 194 60 170 189 95 195 28
146 239 84 123 197 253 132 204 39 211 166 21 71 153 255
214 111 127 211 96 229 119 7 7 82 32 195 207 77 13
69 118 134 86 114 163 48 249 102 94 34 219 198 146 174
165 186 117 220 205 99 96 22 103 32 237 249 125 29 235
50 1 175 191 172 164 191 172 164 178 111 133 93 16 5
76 1 145 18 68 159 88 24 46 21 1 112 144 44 147
20 236 215 96 39 153 140 232 79 118 178 254 228 240 229
96 39 153 51 199 11 23 165 246 60 230 37 116 241 198
106 98 29 187 96 37 24 55 186 136 105 118 119 7 7
169 31 67 42 151 74 119 7 7 191 60 112 210 28 22
85 125 183 175 75 21 165 159 163 154 112 139 209 25 166
176 235 38 75 193 5 203 107 145 71 103 117 93 16 5
94 224 197 135 118 24 64 222 177 115 89 160 229 47 202
62 54 30 87 146 8 184 121 47 133 86 115 241 152 217
18 235 251 73 80 190 150 15 186 187 96 37 42 75 38
