97 7
28 67 13 126 125 232 2 225 212 239 10 161 220 73 48 108 208 28 217 30 166
224 160 191 114 27 120 108 208 28 179 202 215 95 178 164 169 108 217 220 73 48
204 87 190 108 208 28 86 75 132 44 96 86 241 206 2 169 108 217 169 108 217
86 75 132 252 254 194 131 147 165 2 225 212 204 87 190 100 199 155 169 108 217
41 22 123 114 27 120 85 18 41 163 152 205 41 22 123 106 155 24 105 52 108
2 225 212 39 137 172 105 52 108 95 178 164 204 87 190 114 27 120 126 125 232
2 225 212 204 87 190 239 10 161 85 18 41 106 155 24 28 67 13 155 35 141
44 96 86 169 108 217 250 127 92 58 38 1 109 214 34 217 30 166 85 18 41
194 175 252 162 169 150 252 254 194 239 10 161 49 115 117 126 125 232 86 75 132
118 233 74 39 137 172 39 137 172 118 233 74 2 225 212 217 30 166 204 87 190
229 204 140 252 254 194 239 10 161 95 178 164 109 214 34 58 38 1 2 225 212
109 214 34 58 38 1 241 206 2 118 233 74 163 152 205 241 206 2 85 18 41
86 75 132 49 115 117 250 127 92 28 67 13 118 233 74 144 195 137 85 18 41
41 22 123 194 175 252 95 178 164 144 195 137 144 195 137 4 158 121 86 75 132
108 208 28 58 38 1 39 137 172 131 147 165 250 127 92 109 214 34 144 195 137
160 109 236 95 178 164 160 109 236 85 18 41 250 127 92 100 199 155 241 206 2
4 158 121 49 115 117 86 75 132 179 202 215 224 160 191 131 147 165 39 137 172
85 18 41 160 109 236 44 96 86 163 152 205 160 109 236 241 206 2 114 27 120
224 160 191 220 73 48 41 22 123 220 73 48 49 115 117 39 137 172 28 67 13
106 155 24 58 38 1 4 158 121 204 87 190 106 155 24 39 137 172 131 147 165
60 240 37 100 199 155 144 195 137 169 108 217 86 75 132 169 108 217 49 115 117
160 109 236 108 208 28 58 38 1 39 137 172 49 115 117 100 199 155 100 199 155
163 152 205 118 233 74 162 169 150 41 22 123 105 52 108 224 160 191 163 152 205
4 158 121 118 233 74 85 18 41 85 18 41 224 160 191 95 178 164 49 115 117
204 87 190 39 137 172 239 10 161 179 202 215 239 10 161 252 254 194 49 115 117
239 10 161 252 254 194 60 240 37 28 67 13 60 240 37 169 108 217 126 125 232
162 169 150 100 199 155 41 22 123 85 18 41 239 10 161 49 115 117 250 127 92
44 96 86 162 169 150 114 27 120 144 195 137 250 127 92 252 254 194 250 127 92
155 35 141 250 127 92 41 22 123 28 67 13 194 175 252 155 35 141 114 27 120
126 125 232 163 152 205 108 208 28 169 108 217 252 254 194 252 254 194 163 152 205
118 233 74 160 109 236 252 254 194 239 10 161 162 169 150 108 208 28 60 240 37
220 73 48 241 206 2 144 195 137 4 158 121 179 202 215 241 206 2 44 96 86
162 169 150 194 175 252 250 127 92 239 10 161 194 175 252 126 125 232 106 155 24
241 206 2 163 152 205 250 127 92 95 178 164 86 75 132 163 152 205 39 137 172
252 254 194 239 10 161 95 178 164 86 75 132 41 22 123 108 208 28 217 30 166
224 160 191 194 175 252 224 160 191 224 160 191 118 233 74 41 22 123 162 169 150
28 67 13 60 240 37 169 108 217 239 10 161 155 35 141 4 158 121 224 160 191
239 10 161 169 108 217 49 115 117 60 240 37 58 38 1 108 208 28 131 147 165
108 208 28 252 254 194 39 137 172 109 214 34 241 206 2 49 115 117 85 18 41
239 10 161 131 147 165 105 52 108 100 199 155 220 73 48 49 115 117 179 202 215
252 254 194 114 27 120 204 87 190 4 158 121 160 109 236 118 233 74 169 108 217
204 87 190 224 160 191 28 67 13 144 195 137 162 169 150 252 254 194 60 240 37
250 127 92 95 178 164 252 254 194 131 147 165 105 52 108 160 109 236 217 30 166
224 160 191 194 175 252 28 67 13 100 199 155 105 52 108 108 208 28 85 18 41
118 233 74 118 233 74 60 240 37 49 115 117 85 18 41 155 35 141 41 22 123
155 35 141 217 30 166 229 204 140 131 147 165 239 10 161 224 160 191 126 125 232
39 137 172 108 208 28 41 22 123 162 169 150 131 147 165 160 109 236 95 178 164
49 115 117 58 38 1 126 125 232 131 147 165 109 214 34 126 125 232 179 202 215
160 109 236 60 240 37 106 155 24 194 175 252 169 108 217 155 35 141 41 22 123
250 127 92 162 169 150 220 73 48 131 147 165 105 52 108 95 178 164 2 225 212
163 152 205 41 22 123 224 160 191 49 115 117 162 169 150 160 109 236 105 52 108
160 109 236 155 35 141 60 240 37 118 233 74 126 125 232 194 175 252 162 169 150
58 38 1 224 160 191 108 208 28 229 204 140 126 125 232 39 137 172 229 204 140
163 152 205 100 199 155 2 225 212 162 169 150 220 73 48 169 108 217 155 35 141
95 178 164 100 199 155 179 202 215 100 199 155 241 206 2 114 27 120 100 199 155
2 225 212 109 214 34 163 152 205 100 199 155 49 115 117 109 214 34 108 208 28
106 155 24 239 10 161 252 254 194 58 38 1 118 233 74 114 27 120 220 73 48
4 158 121 109 214 34 224 160 191 224 160 191 217 30 166 224 160 191 217 30 166
4 158 121 106 155 24 118 233 74 169 108 217 229 204 140 95 178 164 252 254 194
118 233 74 179 202 215 144 195 137 239 10 161 144 195 137 39 137 172 108 208 28
155 35 141 162 169 150 95 178 164 109 214 34 241 206 2 250 127 92 95 178 164
229 204 140 220 73 48 204 87 190 39 137 172 105 52 108 131 147 165 106 155 24
250 127 92 58 38 1 108 208 28 86 75 132 252 254 194 239 10 161 4 158 121
217 30 166 162 169 150 86 75 132 179 202 215 114 27 120 60 240 37 106 155 24
60 240 37 169 108 217 86 75 132 108 208 28 252 254 194 58 38 1 58 38 1
108 208 28 60 240 37 85 18 41 155 35 141 204 87 190 100 199 155 144 195 137
108 208 28 241 206 2 114 27 120 41 22 123 114 27 120 163 152 205 224 160 191
114 27 120 155 35 141 239 10 161 217 30 166 49 115 117 229 204 140 144 195 137
100 199 155 252 254 194 58 38 1 106 155 24 217 30 166 109 214 34 220 73 48
39 137 172 39 137 172 250 127 92 217 30 166 163 152 205 252 254 194 58 38 1
114 27 120 95 178 164 160 109 236 2 225 212 131 147 165 85 18 41 86 75 132
58 38 1 118 233 74 224 160 191 250 127 92 155 35 141 217 30 166 131 147 165
4 158 121 239 10 161 39 137 172 162 169 150 155 35 141 85 18 41 162 169 150
114 27 120 49 115 117 114 27 120 126 125 232 105 52 108 114 27 120 131 147 165
162 169 150 126 125 232 109 214 34 105 52 108 118 233 74 95 178 164 217 30 166
109 214 34 86 75 132 217 30 166 86 75 132 49 115 117 224 160 191 95 178 164
49 115 117 109 214 34 100 199 155 217 30 166 217 30 166 100 199 155 162 169 150
105 52 108 58 38 1 60 240 37 217 30 166 86 75 132 4 158 121 100 199 155
144 195 137 118 233 74 194 175 252 106 155 24 126 125 232 85 18 41 109 214 34
160 109 236 194 175 252 163 152 205 160 109 236 155 35 141 95 178 164 4 158 121
114 27 120 229 204 140 179 202 215 224 160 191 224 160 191 60 240 37 179 202 215
131 147 165 114 27 120 2 225 212 41 22 123 169 108 217 239 10 161 204 87 190
126 125 232 100 199 155 252 254 194 28 67 13 144 195 137 105 52 108 60 240 37
220 73 48 85 18 41 106 155 24 241 206 2 109 214 34 204 87 190 100 199 155
2 225 212 179 202 215 162 169 150 160 109 236 169 108 217 204 87 190 144 195 137
108 208 28 58 38 1 160 109 236 95 178 164 131 147 165 105 52 108 108 208 28
86 75 132 49 115 117 239 10 161 2 225 212 105 52 108 2 225 212 100 199 155
204 87 190 204 87 190 194 175 252 4 158 121 100 199 155 241 206 2 118 233 74
39 137 172 39 137 172 204 87 190 241 206 2 86 75 132 155 35 141 239 10 161
224 160 191 252 254 194 95 178 164 229 204 140 163 152 205 126 125 232 41 22 123
85 18 41 58 38 1 160 109 236 239 10 161 160 109 236 114 27 120 217 30 166
160 109 236 163 152 205 118 233 74 194 175 252 155 35 141 114 27 120 86 75 132
108 208 28 155 35 141 39 137 172 220 73 48 118 233 74 114 27 120 39 137 172
44 96 86 86 75 132 60 240 37 144 195 137 2 225 212 106 155 24 131 147 165
41 22 123 108 208 28 109 214 34 58 38 1 224 160 191 239 10 161 4 158 121
86 75 132 86 75 132 252 254 194 144 195 137 241 206 2 163 152 205 224 160 191
49 115 117 239 10 161 224 160 191 204 87 190 160 109 236 105 52 108 105 52 108
