77 6
202 241 217 112 50 54 176 115 5 158 34 191 177 205 128 188 207 42
185 45 52 155 229 192 161 226 64 15 108 113 202 241 217 105 236 109
225 133 248 246 128 150 222 46 243 225 133 248 8 125 34 235 149 69
229 244 41 222 46 243 176 115 5 92 251 171 38 114 219 105 236 109
202 241 217 92 251 171 228 91 73 162 31 77 241 159 28 206 105 36
222 46 243 79 16 6 92 251 171 165 68 20 43 248 163 183 174 39
115 193 96 26 155 123 15 108 113 178 92 231 15 108 113 188 207 42
185 45 52 135 141 175 108 57 162 34 131 44 15 108 113 182 52 137
115 193 96 112 50 54 161 226 64 252 183 71 80 136 1 14 147 62
137 179 168 121 60 255 92 251 171 172 151 49 114 197 95 34 131 44
185 45 52 225 133 248 180 26 250 64 195 17 54 135 92 15 108 113
222 46 243 114 197 95 14 147 62 131 218 129 177 205 128 29 253 135
7 58 67 176 115 5 136 119 82 206 105 36 195 242 201 228 91 73
207 42 27 206 105 36 207 42 27 108 57 162 34 131 44 159 62 249
180 26 250 162 31 77 26 155 123 29 253 135 235 149 69 246 128 150
15 108 113 147 76 216 180 26 250 190 122 35 136 119 82 106 12 155
229 244 41 185 45 52 121 60 255 9 169 169 30 23 244 52 188 10
74 66 40 131 218 129 246 128 150 190 122 35 207 42 27 234 79 193
162 31 77 135 141 175 83 3 120 129 72 75 228 91 73 83 3 120
7 58 67 82 43 61 241 159 28 202 241 217 170 18 63 9 169 169
21 165 146 146 220 213 169 172 89 222 46 243 170 18 63 10 239 133
92 251 171 207 42 27 8 125 34 43 248 163 161 226 64 166 177 198
201 225 143 20 202 30 254 110 214 81 223 29 115 193 96 14 147 62
114 197 95 228 91 73 129 72 75 129 72 75 115 193 96 112 50 54
178 92 231 52 188 10 91 121 177 229 244 41 72 182 154 93 13 229
188 207 42 21 165 146 32 227 18 225 133 248 184 196 117 225 133 248
252 183 71 91 121 177 20 202 30 178 92 231 43 248 163 190 122 35
8 125 34 146 220 213 54 135 92 121 60 255 60 116 160 189 33 220
14 147 62 183 174 39 74 66 40 54 135 92 32 227 18 136 119 82
93 13 229 108 57 162 60 116 160 135 141 175 110 14 106 38 114 219
158 34 191 135 141 175 80 136 1 91 121 177 112 50 54 72 182 154
129 72 75 26 155 123 93 13 229 13 134 134 129 72 75 82 43 61
192 217 7 91 121 177 129 72 75 14 147 62 163 167 37 241 159 28
48 103 104 83 3 120 105 236 109 143 157 253 101 186 97 83 3 120
22 94 246 48 103 104 201 225 143 108 57 162 60 116 160 121 60 255
195 242 201 114 197 95 13 134 134 14 147 62 162 31 77 241 159 28
21 165 146 218 211 225 15 108 113 143 157 253 105 236 109 229 244 41
135 141 175 137 179 168 206 105 36 189 33 220 172 151 49 246 128 150
43 248 163 24 44 189 43 248 163 190 122 35 186 75 131 83 3 120
101 186 97 160 73 121 10 239 133 202 241 217 34 131 44 137 179 168
202 241 217 82 43 61 91 121 177 74 66 40 176 115 5 115 193 96
170 18 63 184 196 117 178 92 231 254 110 214 21 165 146 105 236 109
108 57 162 161 226 64 110 14 106 169 172 89 112 50 54 188 207 42
34 131 44 9 169 169 182 52 137 241 159 28 184 196 117 232 6 132
143 157 253 252 183 71 146 220 213 201 225 143 9 169 169 14 147 62
112 50 54 136 119 82 92 251 171 141 19 78 105 236 109 228 91 73
147 76 216 188 207 42 182 52 137 20 202 30 129 72 75 93 13 229
64 195 17 22 94 246 229 244 41 74 66 40 131 218 129 166 177 198
101 186 97 91 121 177 241 159 28 54 135 92 169 172 89 235 149 69
92 251 171 170 18 63 92 251 171 166 177 198 184 196 117 225 133 248
112 50 54 14 147 62 222 46 243 146 220 213 14 147 62 110 14 106
119 96 224 135 141 175 155 229 192 135 141 175 186 75 131 44 215 13
9 169 169 141 19 78 172 151 49 176 115 5 7 58 67 119 96 224
105 236 109 82 43 61 207 42 27 110 14 106 218 211 225 131 218 129
135 141 175 131 218 129 8 125 34 112 50 54 202 241 217 246 128 150
115 193 96 192 217 7 43 248 163 13 134 134 192 217 7 177 205 128
48 103 104 184 196 117 64 195 17 114 197 95 108 57 162 184 196 117
81 223 29 64 195 17 162 31 77 108 57 162 207 42 27 162 31 77
137 179 168 231 243 4 60 116 160 106 12 155 74 66 40 241 159 28
218 211 225 160 73 121 235 149 69 170 18 63 190 122 35 147 76 216
106 12 155 93 13 229 43 248 163 15 108 113 234 79 193 79 16 6
165 68 20 83 3 120 182 52 137 81 223 29 177 205 128 119 96 224
24 44 189 24 44 189 20 202 30 112 50 54 166 177 198 162 31 77
79 16 6 246 128 150 158 34 191 172 151 49 225 133 248 108 57 162
64 195 17 60 116 160 235 149 69 26 155 123 91 121 177 17 203 79
74 66 40 241 159 28 143 157 253 135 141 175 82 43 61 54 135 92
10 239 133 52 188 10 141 19 78 131 218 129 143 157 253 163 167 37
101 186 97 38 114 219 184 196 117 79 16 6 110 14 106 72 182 154
170 18 63 52 188 10 172 151 49 64 195 17 15 108 113 108 57 162
225 133 248 207 42 27 60 116 160 22 94 246 176 115 5 182 52 137
235 149 69 225 133 248 110 14 106 129 72 75 106 12 155 195 242 201
119 96 224 93 13 229 26 155 123 135 141 175 26 155 123 129 72 75
43 248 163 241 159 28 228 91 73 182 52 137 7 58 67 8 125 34
192 217 7 185 45 52 8 125 34 13 134 134 135 141 175 232 6 132
20 202 30 21 165 146 246 128 150 231 243 4 17 203 79 74 66 40
235 149 69 108 57 162 158 34 191 166 177 198 254 110 214 141 19 78
54 135 92 190 122 35 189 33 220 60 116 160 24 44 189 121 60 255
