100 8
104 207 109 137 68 103 78 62 101 204 131 46 181 222 53 85 208 84 173 70 209 157 23 14
214 225 48 184 178 95 19 26 8 28 158 187 78 62 101 247 95 217 209 199 117 24 112 205
184 178 95 70 16 240 37 46 15 167 215 191 51 218 133 128 145 123 179 174 196 78 62 101
80 134 150 35 124 37 129 185 92 230 83 146 84 104 113 221 224 162 52 161 180 204 131 46
234 226 28 236 138 152 236 138 152 61 50 96 18 36 77 17 238 135 79 57 36 147 148 33
47 254 153 3 94 72 64 73 129 96 1 233 94 45 213 194 247 251 2 212 66 175 142 20
205 242 57 36 21 13 114 230 128 222 88 167 213 150 26 176 66 10 68 219 226 210 32 102
115 169 114 157 23 14 196 191 228 3 94 72 22 132 126 198 151 119 29 171 188 68 219 226
150 109 18 100 201 148 0 29 43 85 208 84 7 179 142 55 65 115 78 62 101 12 24 44
230 83 146 177 42 247 18 36 77 179 174 196 10 233 138 198 151 119 112 119 241 200 236 161
137 68 103 204 131 46 110 237 89 58 186 120 139 54 225 141 55 22 69 235 254 206 173 130
250 175 139 184 178 95 186 123 145 80 134 150 120 183 99 139 54 225 58 186 120 173 70 209
68 219 226 16 228 32 29 171 188 91 11 132 183 110 58 212 31 2 74 163 197 18 36 77
191 214 51 91 11 132 217 89 40 52 161 180 10 233 138 43 52 29 97 35 73 71 91 232
214 225 48 148 184 151 111 205 252 62 202 229 83 17 183 188 48 0 17 238 135 254 245 202
23 101 170 31 53 74 228 153 169 237 126 207 247 95 217 55 65 115 85 208 84 28 158 187
64 73 129 3 94 72 8 27 204 81 249 248 51 218 133 2 212 66 1 213 182 25 195 238
129 185 92 130 92 78 130 92 78 95 210 111 179 174 196 78 62 101 90 2 54 111 205 252
48 130 93 45 127 203 200 236 161 35 124 37 22 132 126 150 109 18 220 164 177 19 26 8
230 83 146 248 107 222 22 132 126 83 17 183 43 52 29 36 21 13 133 192 253 2 212 66
228 153 169 48 130 93 212 31 2 20 149 200 166 111 34 111 205 252 91 11 132 0 29 43
50 193 41 78 62 101 216 5 100 253 243 244 183 110 58 188 48 0 79 57 36 205 242 57
170 80 62 37 46 15 75 84 17 42 33 185 28 158 187 85 208 84 185 103 249 209 199 117
173 70 209 59 196 52 218 128 39 47 254 153 179 174 196 85 208 84 17 238 135 238 229 68
78 62 101 111 205 252 120 183 99 108 41 105 113 188 19 143 166 42 43 52 29 166 111 34
68 219 226 233 18 110 1 213 182 105 72 208 100 201 148 31 53 74 147 148 33 47 254 153
6 143 230 38 74 7 99 157 35 75 84 17 180 240 59 224 61 90 134 34 71 254 245 202
222 88 167 97 35 73 225 76 127 217 89 40 70 16 240 125 28 31 73 0 134 74 163 197
18 36 77 104 207 109 104 207 109 247 95 217 177 42 247 198 151 119 49 75 157 4 39 201
83 17 183 216 5 100 18 36 77 115 169 114 62 202 229 166 111 34 14 168 220 189 147 243
249 231 210 104 207 109 191 214 51 55 65 115 38 74 7 244 198 179 35 124 37 25 195 238
49 75 157 55 65 115 74 163 197 145 67 80 238 229 68 15 140 38 237 126 207 255 40 137
232 255 154 101 182 81 239 253 23 248 107 222 19 26 8 36 21 13 51 218 133 189 147 243
190 141 172 148 184 151 84 104 113 172 81 195 119 156 87 177 42 247 249 231 210 59 196 52
55 65 115 223 200 221 204 131 46 144 3 175 78 62 101 138 25 61 82 144 159 79 57 36
119 156 87 237 126 207 25 195 238 231 77 199 244 198 179 244 198 179 92 82 242 202 13 216
81 249 248 120 183 99 112 119 241 82 144 159 236 138 152 183 110 58 140 85 122 173 70 209
16 228 32 227 232 190 209 199 117 128 145 123 255 40 137 245 194 173 78 62 101 72 106 91
27 63 6 88 99 184 105 72 208 167 215 191 145 67 80 175 142 20 103 206 214 179 174 196
181 222 53 100 201 148 44 220 69 81 249 248 220 164 177 65 159 245 209 199 117 128 145 123
222 88 167 161 8 131 70 16 240 214 225 48 2 212 66 12 24 44 244 198 179 189 147 243
14 168 220 193 87 212 198 151 119 21 115 174 72 106 91 71 91 232 20 149 200 145 67 80
190 141 172 52 161 180 186 123 145 172 81 195 249 231 210 217 89 40 233 18 110 69 235 254
0 29 43 196 191 228 171 204 155 190 141 172 14 168 220 36 21 13 6 143 230 6 143 230
128 145 123 16 228 32 178 60 98 133 192 253 112 119 241 150 109 18 37 46 15 109 15 121
92 82 242 181 222 53 112 119 241 65 159 245 110 237 89 63 7 231 181 222 53 139 54 225
139 54 225 145 67 80 55 65 115 112 119 241 75 84 17 216 5 100 229 160 30 194 247 251
204 131 46 103 206 214 230 83 146 36 21 13 177 42 247 54 234 63 130 92 78 220 164 177
176 66 10 7 179 142 73 0 134 236 138 152 70 16 240 22 132 126 16 228 32 202 13 216
57 135 168 132 154 219 237 126 207 204 131 46 44 220 69 244 198 179 141 55 22 192 9 215
210 32 102 176 66 10 180 240 59 212 31 2 98 90 164 233 18 110 124 10 64 48 130 93
71 91 232 132 154 219 47 254 153 211 248 97 96 1 233 29 171 188 81 249 248 54 234 63
101 182 81 115 169 114 72 106 91 26 38 56 190 141 172 93 98 181 213 150 26 183 110 58
191 214 51 219 241 3 26 38 56 110 237 89 219 241 3 85 208 84 213 150 26 141 55 22
81 249 248 69 235 254 229 160 30 245 194 173 170 80 62 147 148 33 83 17 183 22 132 126
62 202 229 145 67 80 202 13 216 43 52 29 57 135 168 179 174 196 236 138 152 4 39 201
184 178 95 92 82 242 182 221 176 189 147 243 116 100 206 81 249 248 161 8 131 99 157 35
50 193 41 28 158 187 245 194 173 105 72 208 51 218 133 191 214 51 42 33 185 179 174 196
61 50 96 216 5 100 23 101 170 151 117 9 57 135 168 95 210 111 195 12 27 89 51 234
147 148 33 100 201 148 21 115 174 232 255 154 7 179 142 116 100 206 21 115 174 158 37 165
250 175 139 54 234 63 75 84 17 233 18 110 234 226 28 22 132 126 64 73 129 12 24 44
253 243 244 250 175 139 17 238 135 3 94 72 247 95 217 114 230 128 196 191 228 211 248 97
181 222 53 56 152 108 42 33 185 233 18 110 115 169 114 108 41 105 9 114 4 239 253 23
239 253 23 205 242 57 181 222 53 85 208 84 149 102 218 71 91 232 103 206 214 247 95 217
255 40 137 236 138 152 174 69 79 19 26 8 166 111 34 234 226 28 110 237 89 181 222 53
175 142 20 172 81 195 55 65 115 222 88 167 114 230 128 84 104 113 58 186 120 92 82 242
40 239 104 116 100 206 220 164 177 108 41 105 192 9 215 117 105 193 115 169 114 123 162 186
48 130 93 170 80 62 94 45 213 86 43 16 230 83 146 88 99 184 115 169 114 51 218 133
84 104 113 117 105 193 219 241 3 105 72 208 89 51 234 74 163 197 180 240 59 247 95 217
129 185 92 6 143 230 145 67 80 211 248 97 129 185 92 250 175 139 119 156 87 113 188 19
4 39 201 103 206 214 214 225 48 120 183 99 170 80 62 100 201 148 69 235 254 22 132 126
247 95 217 194 247 251 133 192 253 204 131 46 29 171 188 112 119 241 68 219 226 236 138 152
96 1 233 192 9 215 27 63 6 60 246 250 63 7 231 249 231 210 54 234 63 101 182 81
17 238 135 188 48 0 184 178 95 180 240 59 117 105 193 50 193 41 149 102 218 78 62 101
17 238 135 18 36 77 205 242 57 228 153 169 183 110 58 209 199 117 254 245 202 58 186 120
98 90 164 54 234 63 99 157 35 137 68 103 123 162 186 1 213 182 204 131 46 173 70 209
137 68 103 214 225 48 79 57 36 214 225 48 219 241 3 202 13 216 196 191 228 192 9 215
189 147 243 82 144 159 123 162 186 221 224 162 108 41 105 101 182 81 61 50 96 12 24 44
103 206 214 189 147 243 93 98 181 134 34 71 253 243 244 27 63 6 55 65 115 128 145 123
213 150 26 23 101 170 93 98 181 52 161 180 230 83 146 137 68 103 103 206 214 255 40 137
57 135 168 37 46 15 98 90 164 18 36 77 68 219 226 119 156 87 253 243 244 220 164 177
161 8 131 112 119 241 189 147 243 128 145 123 239 253 23 255 40 137 3 94 72 151 117 9
137 68 103 7 179 142 61 50 96 148 184 151 186 123 145 77 59 94 70 16 240 44 220 69
132 154 219 177 42 247 31 53 74 166 111 34 59 196 52 244 198 179 161 8 131 220 164 177
48 130 93 219 241 3 49 75 157 245 194 173 105 72 208 119 156 87 50 193 41 175 142 20
237 126 207 202 13 216 217 89 40 142 4 76 7 179 142 4 39 201 222 88 167 91 11 132
132 154 219 212 31 2 140 85 122 70 16 240 56 152 108 132 154 219 37 46 15 227 232 190
161 8 131 21 115 174 8 27 204 191 214 51 72 106 91 178 60 98 176 66 10 128 145 123
68 219 226 31 53 74 22 132 126 238 229 68 48 130 93 98 90 164 99 157 35 254 245 202
104 207 109 224 61 90 158 37 165 7 179 142 185 103 249 172 81 195 201 250 158 62 202 229
167 215 191 35 124 37 64 73 129 134 34 71 62 202 229 211 248 97 177 42 247 137 68 103
100 201 148 184 178 95 18 36 77 49 75 157 194 247 251 166 111 34 45 127 203 12 24 44
151 117 9 204 131 46 195 12 27 177 42 247 214 225 48 250 175 139 253 243 244 132 154 219
92 82 242 161 8 131 94 45 213 114 230 128 234 226 28 63 7 231 239 253 23 130 92 78
115 169 114 20 149 200 202 13 216 119 156 87 205 242 57 31 53 74 90 2 54 44 220 69
202 13 216 214 225 48 250 175 139 201 250 158 77 59 94 194 247 251 50 193 41 186 123 145
64 73 129 57 135 168 55 65 115 88 99 184 115 169 114 57 135 168 78 62 101 188 48 0
149 102 218 137 68 103 88 99 184 58 186 120 184 178 95 21 115 174 128 145 123 5 177 106
26 38 56 196 191 228 252 176 60 48 130 93 12 24 44 15 140 38 245 194 173 69 235 254
129 185 92 112 119 241 188 48 0 182 221 176 244 198 179 213 150 26 252 176 60 138 25 61
