70 3
147 50 223 6 244 237 37 253 81
214 51 150 227 93 99 250 12 130
96 73 87 5 158 7 35 238 146
2 166 69 195 80 169 137 19 26
253 166 185 198 25 79 194 134 8
210 34 201 86 76 139 37 253 81
213 179 136 178 91 7 37 46 169
191 29 200 129 251 243 74 38 252
198 246 195 36 57 159 129 235 190
93 55 207 136 220 242 191 29 200
211 235 226 120 45 109 213 179 136
231 200 75 120 45 109 180 145 131
136 220 242 163 201 50 179 46 106
70 233 12 206 90 224 186 145 94
152 139 84 147 50 223 5 158 7
184 56 196 37 46 169 178 91 7
180 145 131 90 16 252 31 193 226
101 86 181 5 42 121 164 147 194
125 25 151 215 154 38 122 182 185
213 179 136 129 251 243 147 50 223
213 179 136 180 145 131 210 34 201
213 179 136 133 217 2 36 57 159
211 235 226 74 38 252 250 12 130
90 16 252 251 62 143 129 251 243
97 173 43 190 135 41 129 235 190
198 246 195 36 57 159 170 239 159
37 253 81 137 19 26 227 93 99
86 76 139 36 57 159 6 244 237
191 29 200 186 145 94 129 251 243
3 131 232 5 158 7 97 173 43
74 38 252 191 29 200 215 154 38
251 62 143 213 179 136 184 56 196
214 51 150 214 51 150 37 253 81
170 239 159 37 46 169 227 93 99
152 139 84 211 235 226 170 239 159
228 249 1 195 80 169 179 46 106
250 12 130 194 134 8 26 44 248
36 57 159 137 19 26 170 239 159
190 135 41 129 251 243 26 104 92
129 235 190 93 55 207 129 251 243
129 251 243 231 200 75 70 233 12
86 76 139 191 29 200 170 239 159
74 38 252 210 34 201 154 5 243
215 154 38 86 76 139 215 154 38
196 72 140 37 253 81 74 38 252
164 147 194 197 140 35 5 158 7
206 90 224 37 46 169 253 166 185
251 62 143 213 179 136 194 134 8
251 62 143 218 79 111 154 5 243
86 76 139 215 154 38 36 57 159
26 104 92 87 240 168 31 193 226
120 45 109 147 50 223 196 72 140
227 93 99 197 140 35 194 134 8
250 12 130 170 239 159 184 56 196
12 158 31 154 5 243 179 46 106
211 55 89 90 16 252 36 57 159
70 233 12 196 72 140 120 45 109
93 55 207 87 240 168 101 86 181
12 158 31 231 200 75 37 253 81
37 46 169 215 154 38 101 86 181
86 76 139 122 182 185 90 16 252
211 55 89 136 220 242 250 12 130
133 217 2 169 23 101 26 44 248
250 12 130 26 44 248 179 46 106
191 29 200 251 62 143 211 235 226
129 251 243 215 154 38 136 220 242
196 72 140 152 139 84 97 173 43
120 45 109 152 139 84 136 220 242
31 193 226 152 139 84 231 200 75
250 12 130 213 179 136 186 145 94
