98 39
2 38 173 166 100 6 120 239 103 166 100 6 120 239 103 36 97 197 111 158 153 236 133 219 30 63 58 217 251 37 76 119 64 251 176 165 2 38 173 149 13 212 156 215 152 9 10 166 99 123 137 247 125 250 118 128 253 57 118 211 2 38 173 76 119 64 9 10 166 217 251 37 236 133 219 120 239 103 217 251 37 241 171 57 87 255 141 158 157 227 111 158 153 76 119 64 75 49 254 88 144 204 187 87 220 36 97 197 217 251 37 118 128 253 87 255 141
120 239 103 75 49 254 48 223 215 241 171 57 87 255 141 204 202 252 247 125 250 111 158 153 158 157 227 99 123 137 30 63 58 2 38 173 111 158 153 87 255 141 64 106 237 87 255 141 9 10 166 187 87 220 236 133 219 187 87 220 166 100 6 253 187 100 64 106 237 253 187 100 207 30 34 241 171 57 118 128 253 48 223 215 99 123 137 134 167 94 36 97 197 64 106 237 187 87 220 241 171 57 134 167 94 2 38 173 166 100 6 88 144 204 187 87 220
156 215 152 134 167 94 2 38 173 48 223 215 236 133 219 64 106 237 99 123 137 99 123 137 251 176 165 247 125 250 241 171 57 217 251 37 217 251 37 217 251 37 149 13 212 134 167 94 187 87 220 217 251 37 247 125 250 241 171 57 236 133 219 120 239 103 2 38 173 236 133 219 204 202 252 111 158 153 207 30 34 99 123 137 247 125 250 156 215 152 241 171 57 111 158 153 48 223 215 149 13 212 204 202 252 120 239 103 120 239 103 187 87 220 156 215 152
158 157 227 236 133 219 48 223 215 88 144 204 36 97 197 241 171 57 88 144 204 30 63 58 88 144 204 149 13 212 120 239 103 118 128 253 134 167 94 158 157 227 134 167 94 253 187 100 36 97 197 204 202 252 251 176 165 2 38 173 118 128 253 187 87 220 251 176 165 76 119 64 149 13 212 76 119 64 217 251 37 158 157 227 217 251 37 156 215 152 204 202 252 134 167 94 217 251 37 156 215 152 48 223 215 120 239 103 64 106 237 207 30 34 236 133 219
149 13 212 87 255 141 247 125 250 75 49 254 75 49 254 253 187 100 204 202 252 149 13 212 217 251 37 111 158 153 241 171 57 48 223 215 99 123 137 48 223 215 207 30 34 158 157 227 236 133 219 253 187 100 111 158 153 36 97 197 99 123 137 30 63 58 87 255 141 118 128 253 251 176 165 134 167 94 187 87 220 241 171 57 36 97 197 204 202 252 187 87 220 120 239 103 134 167 94 207 30 34 9 10 166 236 133 219 241 171 57 236 133 219 111 158 153
247 125 250 87 255 141 36 97 197 207 30 34 149 13 212 236 133 219 158 157 227 134 167 94 99 123 137 118 128 253 111 158 153 207 30 34 2 38 173 118 128 253 87 255 141 149 13 212 48 223 215 64 106 237 2 38 173 75 49 254 111 158 153 57 118 211 87 255 141 236 133 219 120 239 103 241 171 57 48 223 215 30 63 58 204 202 252 134 167 94 207 30 34 75 49 254 30 63 58 241 171 57 2 38 173 36 97 197 134 167 94 236 133 219 36 97 197
9 10 166 156 215 152 236 133 219 251 176 165 2 38 173 75 49 254 111 158 153 251 176 165 158 157 227 149 13 212 158 157 227 251 176 165 87 255 141 236 133 219 149 13 212 158 157 227 158 157 227 241 171 57 48 223 215 57 118 211 9 10 166 120 239 103 9 10 166 75 49 254 253 187 100 57 118 211 253 187 100 36 97 197 48 223 215 156 215 152 2 38 173 236 133 219 9 10 166 111 158 153 118 128 253 204 202 252 64 106 237 149 13 212 99 123 137
111 158 153 76 119 64 64 106 237 134 167 94 88 144 204 118 128 253 87 255 141 251 176 165 187 87 220 156 215 152 57 118 211 134 167 94 36 97 197 36 97 197 236 133 219 253 187 100 204 202 252 88 144 204 120 239 103 64 106 237 217 251 37 36 97 197 166 100 6 149 13 212 149 13 212 204 202 252 207 30 34 64 106 237 57 118 211 76 119 64 2 38 173 36 97 197 9 10 166 158 157 227 75 49 254 149 13 212 118 128 253 166 100 6 30 63 58
111 158 153 158 157 227 76 119 64 30 63 58 30 63 58 30 63 58 236 133 219 204 202 252 75 49 254 204 202 252 118 128 253 118 128 253 118 128 253 64 106 237 64 106 237 253 187 100 75 49 254 111 158 153 57 118 211 2 38 173 111 158 153 75 49 254 236 133 219 64 106 237 64 106 237 88 144 204 75 49 254 48 223 215 156 215 152 217 251 37 76 119 64 158 157 227 2 38 173 75 49 254 236 133 219 253 187 100 48 223 215 111 158 153 149 13 212
48 223 215 247 125 250 76 119 64 57 118 211 64 106 237 111 158 153 36 97 197 36 97 197 48 223 215 251 176 165 204 202 252 76 119 64 166 100 6 75 49 254 217 251 37 118 128 253 64 106 237 158 157 227 236 133 219 64 106 237 111 158 153 166 100 6 57 118 211 120 239 103 217 251 37 57 118 211 76 119 64 118 128 253 166 100 6 111 158 153 57 118 211 156 215 152 187 87 220 76 119 64 2 38 173 166 100 6 120 239 103 217 251 37 118 128 253
217 251 37 2 38 173 149 13 212 134 167 94 30 63 58 217 251 37 64 106 237 204 202 252 166 100 6 64 106 237 217 251 37 57 118 211 207 30 34 30 63 58 236 133 219 217 251 37 253 187 100 187 87 220 158 157 227 207 30 34 251 176 165 118 128 253 149 13 212 158 157 227 166 100 6 158 157 227 48 223 215 2 38 173 57 118 211 134 167 94 204 202 252 166 100 6 187 87 220 134 167 94 207 30 34 156 215 152 2 38 173 30 63 58 57 118 211
75 49 254 76 119 64 76 119 64 57 118 211 204 202 252 241 171 57 99 123 137 87 255 141 111 158 153 251 176 165 187 87 220 134 167 94 99 123 137 2 38 173 217 251 37 134 167 94 57 118 211 118 128 253 207 30 34 134 167 94 48 223 215 120 239 103 166 100 6 48 223 215 120 239 103 76 119 64 134 167 94 99 123 137 166 100 6 87 255 141 217 251 37 87 255 141 241 171 57 111 158 153 187 87 220 241 171 57 75 49 254 48 223 215 204 202 252
118 128 253 2 38 173 64 106 237 48 223 215 156 215 152 76 119 64 48 223 215 187 87 220 207 30 34 76 119 64 247 125 250 134 167 94 187 87 220 2 38 173 2 38 173 2 38 173 241 171 57 247 125 250 217 251 37 30 63 58 2 38 173 156 215 152 156 215 152 120 239 103 134 167 94 57 118 211 118 128 253 75 49 254 75 49 254 156 215 152 158 157 227 57 118 211 236 133 219 236 133 219 87 255 141 30 63 58 247 125 250 149 13 212 156 215 152
88 144 204 251 176 165 64 106 237 156 215 152 2 38 173 64 106 237 187 87 220 75 49 254 76 119 64 75 49 254 134 167 94 253 187 100 88 144 204 241 171 57 87 255 141 64 106 237 48 223 215 204 202 252 88 144 204 253 187 100 158 157 227 111 158 153 64 106 237 251 176 165 48 223 215 204 202 252 204 202 252 158 157 227 187 87 220 64 106 237 217 251 37 30 63 58 120 239 103 64 106 237 251 176 165 207 30 34 57 118 211 120 239 103 204 202 252
187 87 220 156 215 152 149 13 212 158 157 227 166 100 6 236 133 219 134 167 94 111 158 153 236 133 219 241 171 57 187 87 220 187 87 220 241 171 57 75 49 254 57 118 211 207 30 34 134 167 94 134 167 94 236 133 219 187 87 220 236 133 219 247 125 250 217 251 37 120 239 103 9 10 166 30 63 58 30 63 58 118 128 253 120 239 103 118 128 253 57 118 211 134 167 94 36 97 197 118 128 253 57 118 211 87 255 141 118 128 253 134 167 94 9 10 166
251 176 165 236 133 219 134 167 94 36 97 197 87 255 141 187 87 220 207 30 34 9 10 166 76 119 64 236 133 219 158 157 227 87 255 141 76 119 64 2 38 173 118 128 253 118 128 253 217 251 37 241 171 57 118 128 253 64 106 237 204 202 252 207 30 34 204 202 252 76 119 64 57 118 211 204 202 252 166 100 6 241 171 57 120 239 103 111 158 153 156 215 152 111 158 153 253 187 100 75 49 254 156 215 152 217 251 37 88 144 204 156 215 152 187 87 220
87 255 141 236 133 219 87 255 141 30 63 58 30 63 58 253 187 100 134 167 94 87 255 141 187 87 220 118 128 253 120 239 103 251 176 165 149 13 212 207 30 34 247 125 250 99 123 137 166 100 6 236 133 219 217 251 37 217 251 37 166 100 6 75 49 254 187 87 220 36 97 197 204 202 252 9 10 166 236 133 219 120 239 103 75 49 254 9 10 166 48 223 215 158 157 227 120 239 103 9 10 166 118 128 253 76 119 64 120 239 103 251 176 165 120 239 103
149 13 212 166 100 6 87 255 141 134 167 94 241 171 57 30 63 58 217 251 37 76 119 64 236 133 219 99 123 137 64 106 237 88 144 204 64 106 237 88 144 204 247 125 250 9 10 166 64 106 237 247 125 250 207 30 34 253 187 100 236 133 219 9 10 166 99 123 137 247 125 250 251 176 165 48 223 215 241 171 57 87 255 141 75 49 254 187 87 220 166 100 6 187 87 220 166 100 6 247 125 250 251 176 165 48 223 215 75 49 254 251 176 165 253 187 100
30 63 58 48 223 215 30 63 58 149 13 212 251 176 165 57 118 211 48 223 215 207 30 34 156 215 152 48 223 215 9 10 166 9 10 166 9 10 166 204 202 252 187 87 220 204 202 252 149 13 212 207 30 34 158 157 227 236 133 219 118 128 253 166 100 6 187 87 220 134 167 94 99 123 137 2 38 173 30 63 58 87 255 141 36 97 197 75 49 254 64 106 237 187 87 220 111 158 153 217 251 37 253 187 100 204 202 252 241 171 57 251 176 165 87 255 141
120 239 103 204 202 252 158 157 227 251 176 165 120 239 103 134 167 94 120 239 103 48 223 215 88 144 204 149 13 212 30 63 58 236 133 219 88 144 204 75 49 254 88 144 204 57 118 211 236 133 219 99 123 137 158 157 227 166 100 6 241 171 57 36 97 197 36 97 197 251 176 165 236 133 219 241 171 57 99 123 137 241 171 57 247 125 250 247 125 250 57 118 211 134 167 94 88 144 204 75 49 254 64 106 237 207 30 34 158 157 227 204 202 252 75 49 254
57 118 211 158 157 227 118 128 253 204 202 252 149 13 212 118 128 253 120 239 103 9 10 166 87 255 141 120 239 103 251 176 165 134 167 94 156 215 152 251 176 165 241 171 57 149 13 212 120 239 103 2 38 173 156 215 152 48 223 215 204 202 252 166 100 6 111 158 153 99 123 137 2 38 173 111 158 153 76 119 64 118 128 253 48 223 215 134 167 94 207 30 34 251 176 165 48 223 215 64 106 237 156 215 152 87 255 141 207 30 34 87 255 141 217 251 37
241 171 57 9 10 166 48 223 215 251 176 165 251 176 165 187 87 220 99 123 137 247 125 250 241 171 57 111 158 153 64 106 237 87 255 141 2 38 173 120 239 103 120 239 103 99 123 137 253 187 100 75 49 254 64 106 237 149 13 212 99 123 137 76 119 64 217 251 37 57 118 211 9 10 166 166 100 6 166 100 6 57 118 211 247 125 250 99 123 137 76 119 64 187 87 220 166 100 6 158 157 227 64 106 237 251 176 165 251 176 165 99 123 137 9 10 166
241 171 57 57 118 211 204 202 252 217 251 37 134 167 94 158 157 227 75 49 254 9 10 166 253 187 100 30 63 58 76 119 64 118 128 253 2 38 173 253 187 100 251 176 165 236 133 219 187 87 220 166 100 6 87 255 141 120 239 103 187 87 220 134 167 94 204 202 252 99 123 137 187 87 220 118 128 253 156 215 152 204 202 252 87 255 141 187 87 220 236 133 219 2 38 173 75 49 254 120 239 103 88 144 204 2 38 173 75 49 254 149 13 212 187 87 220
253 187 100 241 171 57 134 167 94 76 119 64 111 158 153 99 123 137 75 49 254 247 125 250 207 30 34 120 239 103 204 202 252 76 119 64 236 133 219 118 128 253 149 13 212 158 157 227 241 171 57 187 87 220 2 38 173 207 30 34 64 106 237 217 251 37 149 13 212 247 125 250 48 223 215 111 158 153 64 106 237 64 106 237 99 123 137 120 239 103 149 13 212 2 38 173 118 128 253 166 100 6 120 239 103 48 223 215 156 215 152 207 30 34 30 63 58
2 38 173 120 239 103 247 125 250 118 128 253 241 171 57 247 125 250 166 100 6 57 118 211 251 176 165 236 133 219 149 13 212 30 63 58 251 176 165 30 63 58 48 223 215 57 118 211 241 171 57 217 251 37 187 87 220 158 157 227 241 171 57 207 30 34 99 123 137 149 13 212 64 106 237 207 30 34 134 167 94 30 63 58 166 100 6 36 97 197 247 125 250 241 171 57 76 119 64 236 133 219 64 106 237 118 128 253 118 128 253 88 144 204 247 125 250
217 251 37 217 251 37 158 157 227 156 215 152 207 30 34 158 157 227 251 176 165 87 255 141 64 106 237 158 157 227 134 167 94 57 118 211 2 38 173 30 63 58 64 106 237 120 239 103 251 176 165 75 49 254 204 202 252 118 128 253 134 167 94 48 223 215 247 125 250 217 251 37 247 125 250 30 63 58 187 87 220 251 176 165 48 223 215 187 87 220 9 10 166 158 157 227 156 215 152 156 215 152 134 167 94 118 128 253 217 251 37 207 30 34 236 133 219
204 202 252 9 10 166 2 38 173 166 100 6 166 100 6 120 239 103 253 187 100 120 239 103 57 118 211 236 133 219 88 144 204 64 106 237 87 255 141 217 251 37 64 106 237 251 176 165 149 13 212 149 13 212 30 63 58 247 125 250 87 255 141 247 125 250 217 251 37 149 13 212 134 167 94 149 13 212 236 133 219 120 239 103 207 30 34 76 119 64 207 30 34 251 176 165 48 223 215 207 30 34 149 13 212 166 100 6 99 123 137 30 63 58 88 144 204
253 187 100 236 133 219 36 97 197 253 187 100 207 30 34 111 158 153 48 223 215 217 251 37 76 119 64 204 202 252 134 167 94 111 158 153 166 100 6 120 239 103 111 158 153 253 187 100 253 187 100 156 215 152 111 158 153 88 144 204 2 38 173 236 133 219 217 251 37 251 176 165 87 255 141 36 97 197 111 158 153 241 171 57 88 144 204 36 97 197 149 13 212 217 251 37 75 49 254 217 251 37 156 215 152 57 118 211 111 158 153 75 49 254 2 38 173
166 100 6 99 123 137 9 10 166 48 223 215 207 30 34 57 118 211 158 157 227 204 202 252 247 125 250 204 202 252 9 10 166 111 158 153 247 125 250 207 30 34 30 63 58 87 255 141 241 171 57 75 49 254 149 13 212 187 87 220 48 223 215 217 251 37 236 133 219 120 239 103 204 202 252 251 176 165 187 87 220 253 187 100 75 49 254 48 223 215 48 223 215 88 144 204 241 171 57 236 133 219 76 119 64 2 38 173 241 171 57 149 13 212 204 202 252
88 144 204 57 118 211 158 157 227 241 171 57 87 255 141 251 176 165 64 106 237 30 63 58 48 223 215 48 223 215 64 106 237 207 30 34 111 158 153 149 13 212 2 38 173 236 133 219 134 167 94 111 158 153 253 187 100 75 49 254 118 128 253 118 128 253 88 144 204 156 215 152 57 118 211 156 215 152 236 133 219 204 202 252 75 49 254 187 87 220 111 158 153 247 125 250 99 123 137 187 87 220 134 167 94 2 38 173 166 100 6 99 123 137 204 202 252
36 97 197 118 128 253 166 100 6 120 239 103 120 239 103 236 133 219 48 223 215 149 13 212 236 133 219 36 97 197 75 49 254 36 97 197 111 158 153 166 100 6 111 158 153 158 157 227 251 176 165 64 106 237 253 187 100 158 157 227 158 157 227 166 100 6 88 144 204 166 100 6 217 251 37 118 128 253 64 106 237 166 100 6 48 223 215 120 239 103 207 30 34 247 125 250 149 13 212 187 87 220 247 125 250 217 251 37 207 30 34 251 176 165 87 255 141
75 49 254 204 202 252 149 13 212 36 97 197 166 100 6 247 125 250 156 215 152 87 255 141 48 223 215 111 158 153 134 167 94 158 157 227 134 167 94 251 176 165 149 13 212 99 123 137 187 87 220 36 97 197 149 13 212 204 202 252 99 123 137 48 223 215 2 38 173 156 215 152 134 167 94 30 63 58 111 158 153 99 123 137 57 118 211 217 251 37 207 30 34 241 171 57 207 30 34 99 123 137 76 119 64 217 251 37 30 63 58 76 119 64 207 30 34
149 13 212 76 119 64 149 13 212 118 128 253 241 171 57 2 38 173 2 38 173 64 106 237 187 87 220 134 167 94 187 87 220 207 30 34 75 49 254 57 118 211 48 223 215 64 106 237 75 49 254 75 49 254 251 176 165 247 125 250 156 215 152 236 133 219 241 171 57 120 239 103 156 215 152 120 239 103 36 97 197 149 13 212 120 239 103 111 158 153 48 223 215 57 118 211 57 118 211 118 128 253 207 30 34 118 128 253 253 187 100 187 87 220 36 97 197
149 13 212 111 158 153 36 97 197 2 38 173 9 10 166 75 49 254 9 10 166 158 157 227 120 239 103 187 87 220 247 125 250 99 123 137 187 87 220 156 215 152 187 87 220 207 30 34 111 158 153 57 118 211 236 133 219 75 49 254 76 119 64 187 87 220 156 215 152 187 87 220 87 255 141 253 187 100 236 133 219 207 30 34 87 255 141 217 251 37 217 251 37 207 30 34 9 10 166 2 38 173 207 30 34 118 128 253 217 251 37 99 123 137 236 133 219
64 106 237 166 100 6 111 158 153 9 10 166 57 118 211 36 97 197 87 255 141 88 144 204 99 123 137 204 202 252 247 125 250 247 125 250 158 157 227 30 63 58 156 215 152 48 223 215 2 38 173 75 49 254 187 87 220 149 13 212 166 100 6 253 187 100 158 157 227 187 87 220 207 30 34 99 123 137 247 125 250 76 119 64 134 167 94 36 97 197 158 157 227 149 13 212 9 10 166 247 125 250 88 144 204 9 10 166 166 100 6 64 106 237 253 187 100
187 87 220 207 30 34 166 100 6 57 118 211 120 239 103 241 171 57 134 167 94 217 251 37 253 187 100 217 251 37 156 215 152 9 10 166 251 176 165 217 251 37 217 251 37 241 171 57 166 100 6 204 202 252 48 223 215 64 106 237 118 128 253 111 158 153 247 125 250 88 144 204 204 202 252 253 187 100 204 202 252 166 100 6 158 157 227 158 157 227 57 118 211 187 87 220 241 171 57 134 167 94 2 38 173 64 106 237 118 128 253 120 239 103 64 106 237
111 158 153 75 49 254 236 133 219 30 63 58 99 123 137 253 187 100 118 128 253 247 125 250 9 10 166 64 106 237 253 187 100 36 97 197 48 223 215 64 106 237 48 223 215 99 123 137 88 144 204 48 223 215 120 239 103 75 49 254 64 106 237 2 38 173 30 63 58 30 63 58 75 49 254 241 171 57 30 63 58 9 10 166 134 167 94 247 125 250 9 10 166 149 13 212 120 239 103 57 118 211 134 167 94 118 128 253 118 128 253 36 97 197 166 100 6
87 255 141 9 10 166 75 49 254 48 223 215 241 171 57 36 97 197 251 176 165 87 255 141 187 87 220 204 202 252 247 125 250 88 144 204 156 215 152 36 97 197 111 158 153 187 87 220 149 13 212 118 128 253 247 125 250 48 223 215 187 87 220 158 157 227 75 49 254 166 100 6 48 223 215 134 167 94 204 202 252 236 133 219 253 187 100 158 157 227 75 49 254 207 30 34 64 106 237 87 255 141 166 100 6 217 251 37 88 144 204 30 63 58 166 100 6
156 215 152 241 171 57 253 187 100 207 30 34 2 38 173 9 10 166 236 133 219 204 202 252 236 133 219 64 106 237 30 63 58 64 106 237 217 251 37 36 97 197 207 30 34 30 63 58 217 251 37 158 157 227 48 223 215 36 97 197 9 10 166 166 100 6 247 125 250 207 30 34 149 13 212 158 157 227 57 118 211 253 187 100 87 255 141 204 202 252 247 125 250 204 202 252 57 118 211 87 255 141 166 100 6 76 119 64 247 125 250 118 128 253 149 13 212
76 119 64 149 13 212 207 30 34 57 118 211 9 10 166 30 63 58 76 119 64 251 176 165 247 125 250 87 255 141 118 128 253 158 157 227 99 123 137 204 202 252 134 167 94 76 119 64 99 123 137 48 223 215 236 133 219 75 49 254 251 176 165 166 100 6 149 13 212 88 144 204 99 123 137 64 106 237 166 100 6 247 125 250 204 202 252 217 251 37 48 223 215 30 63 58 36 97 197 88 144 204 118 128 253 36 97 197 149 13 212 36 97 197 30 63 58
204 202 252 30 63 58 2 38 173 247 125 250 87 255 141 118 128 253 166 100 6 30 63 58 57 118 211 30 63 58 253 187 100 2 38 173 36 97 197 241 171 57 207 30 34 241 171 57 149 13 212 57 118 211 120 239 103 9 10 166 204 202 252 36 97 197 118 128 253 247 125 250 111 158 153 236 133 219 247 125 250 156 215 152 118 128 253 2 38 173 30 63 58 241 171 57 247 125 250 207 30 34 247 125 250 36 97 197 187 87 220 48 223 215 253 187 100
187 87 220 134 167 94 36 97 197 48 223 215 76 119 64 207 30 34 241 171 57 99 123 137 118 128 253 158 157 227 253 187 100 236 133 219 120 239 103 9 10 166 9 10 166 111 158 153 87 255 141 87 255 141 156 215 152 247 125 250 111 158 153 247 125 250 156 215 152 204 202 252 76 119 64 57 118 211 158 157 227 156 215 152 48 223 215 236 133 219 204 202 252 99 123 137 9 10 166 120 239 103 48 223 215 187 87 220 166 100 6 76 119 64 134 167 94
158 157 227 120 239 103 253 187 100 217 251 37 166 100 6 156 215 152 87 255 141 120 239 103 57 118 211 75 49 254 187 87 220 241 171 57 2 38 173 120 239 103 120 239 103 30 63 58 149 13 212 75 49 254 207 30 34 217 251 37 134 167 94 253 187 100 57 118 211 111 158 153 87 255 141 87 255 141 156 215 152 76 119 64 166 100 6 2 38 173 207 30 34 134 167 94 64 106 237 251 176 165 236 133 219 134 167 94 134 167 94 187 87 220 247 125 250
253 187 100 75 49 254 2 38 173 120 239 103 187 87 220 118 128 253 204 202 252 30 63 58 158 157 227 30 63 58 9 10 166 99 123 137 87 255 141 236 133 219 9 10 166 9 10 166 217 251 37 2 38 173 204 202 252 207 30 34 134 167 94 30 63 58 2 38 173 87 255 141 207 30 34 99 123 137 247 125 250 253 187 100 149 13 212 156 215 152 36 97 197 187 87 220 241 171 57 87 255 141 99 123 137 9 10 166 217 251 37 217 251 37 99 123 137
166 100 6 111 158 153 166 100 6 236 133 219 75 49 254 253 187 100 241 171 57 88 144 204 57 118 211 88 144 204 48 223 215 158 157 227 9 10 166 88 144 204 30 63 58 76 119 64 118 128 253 75 49 254 87 255 141 204 202 252 57 118 211 187 87 220 204 202 252 149 13 212 251 176 165 75 49 254 57 118 211 156 215 152 187 87 220 217 251 37 251 176 165 156 215 152 166 100 6 158 157 227 236 133 219 207 30 34 99 123 137 236 133 219 2 38 173
118 128 253 99 123 137 88 144 204 57 118 211 158 157 227 99 123 137 64 106 237 64 106 237 134 167 94 57 118 211 36 97 197 247 125 250 149 13 212 156 215 152 57 118 211 158 157 227 99 123 137 120 239 103 134 167 94 236 133 219 9 10 166 156 215 152 158 157 227 217 251 37 75 49 254 187 87 220 236 133 219 158 157 227 217 251 37 88 144 204 204 202 252 241 171 57 158 157 227 166 100 6 118 128 253 75 49 254 166 100 6 30 63 58 236 133 219
111 158 153 75 49 254 187 87 220 57 118 211 253 187 100 2 38 173 111 158 153 9 10 166 187 87 220 158 157 227 187 87 220 111 158 153 217 251 37 204 202 252 247 125 250 217 251 37 158 157 227 156 215 152 57 118 211 217 251 37 149 13 212 64 106 237 57 118 211 251 176 165 76 119 64 158 157 227 241 171 57 241 171 57 166 100 6 76 119 64 166 100 6 247 125 250 253 187 100 120 239 103 36 97 197 2 38 173 207 30 34 217 251 37 48 223 215
9 10 166 156 215 152 120 239 103 217 251 37 75 49 254 87 255 141 88 144 204 120 239 103 187 87 220 75 49 254 57 118 211 204 202 252 99 123 137 134 167 94 158 157 227 9 10 166 134 167 94 120 239 103 76 119 64 251 176 165 87 255 141 57 118 211 120 239 103 57 118 211 158 157 227 253 187 100 253 187 100 88 144 204 187 87 220 99 123 137 134 167 94 204 202 252 2 38 173 76 119 64 156 215 152 156 215 152 251 176 165 76 119 64 236 133 219
75 49 254 241 171 57 2 38 173 111 158 153 48 223 215 217 251 37 48 223 215 48 223 215 64 106 237 247 125 250 88 144 204 187 87 220 88 144 204 76 119 64 158 157 227 253 187 100 166 100 6 36 97 197 48 223 215 9 10 166 166 100 6 64 106 237 36 97 197 134 167 94 36 97 197 187 87 220 75 49 254 253 187 100 57 118 211 158 157 227 64 106 237 76 119 64 36 97 197 118 128 253 9 10 166 134 167 94 120 239 103 9 10 166 64 106 237
36 97 197 88 144 204 87 255 141 48 223 215 217 251 37 118 128 253 247 125 250 166 100 6 57 118 211 251 176 165 2 38 173 253 187 100 120 239 103 253 187 100 99 123 137 2 38 173 88 144 204 64 106 237 251 176 165 253 187 100 251 176 165 253 187 100 2 38 173 2 38 173 236 133 219 236 133 219 75 49 254 236 133 219 253 187 100 2 38 173 241 171 57 241 171 57 187 87 220 2 38 173 156 215 152 111 158 153 75 49 254 76 119 64 87 255 141
30 63 58 134 167 94 118 128 253 204 202 252 187 87 220 87 255 141 236 133 219 149 13 212 87 255 141 9 10 166 36 97 197 236 133 219 57 118 211 204 202 252 253 187 100 251 176 165 149 13 212 30 63 58 87 255 141 241 171 57 251 176 165 134 167 94 88 144 204 247 125 250 236 133 219 99 123 137 87 255 141 111 158 153 48 223 215 247 125 250 76 119 64 236 133 219 111 158 153 30 63 58 149 13 212 111 158 153 187 87 220 2 38 173 76 119 64
30 63 58 120 239 103 247 125 250 9 10 166 166 100 6 204 202 252 187 87 220 30 63 58 247 125 250 118 128 253 118 128 253 251 176 165 236 133 219 36 97 197 30 63 58 236 133 219 111 158 153 88 144 204 36 97 197 156 215 152 48 223 215 88 144 204 76 119 64 111 158 153 156 215 152 187 87 220 48 223 215 217 251 37 247 125 250 187 87 220 75 49 254 2 38 173 120 239 103 75 49 254 166 100 6 75 49 254 57 118 211 204 202 252 75 49 254
166 100 6 158 157 227 48 223 215 120 239 103 120 239 103 236 133 219 2 38 173 247 125 250 187 87 220 76 119 64 149 13 212 88 144 204 48 223 215 75 49 254 134 167 94 207 30 34 241 171 57 236 133 219 187 87 220 158 157 227 118 128 253 88 144 204 204 202 252 120 239 103 36 97 197 207 30 34 87 255 141 251 176 165 2 38 173 75 49 254 253 187 100 57 118 211 57 118 211 166 100 6 64 106 237 187 87 220 99 123 137 64 106 237 204 202 252
204 202 252 166 100 6 134 167 94 76 119 64 236 133 219 118 128 253 134 167 94 75 49 254 241 171 57 48 223 215 204 202 252 64 106 237 87 255 141 156 215 152 166 100 6 88 144 204 156 215 152 149 13 212 251 176 165 134 167 94 64 106 237 30 63 58 236 133 219 75 49 254 2 38 173 118 128 253 88 144 204 247 125 250 2 38 173 120 239 103 76 119 64 64 106 237 236 133 219 158 157 227 187 87 220 251 176 165 204 202 252 48 223 215 204 202 252
134 167 94 48 223 215 241 171 57 207 30 34 149 13 212 36 97 197 88 144 204 48 223 215 251 176 165 36 97 197 166 100 6 217 251 37 36 97 197 87 255 141 36 97 197 166 100 6 253 187 100 187 87 220 166 100 6 207 30 34 166 100 6 158 157 227 156 215 152 251 176 165 30 63 58 207 30 34 36 97 197 99 123 137 48 223 215 158 157 227 30 63 58 111 158 153 87 255 141 76 119 64 207 30 34 48 223 215 134 167 94 36 97 197 88 144 204
99 123 137 87 255 141 251 176 165 64 106 237 149 13 212 187 87 220 149 13 212 99 123 137 64 106 237 2 38 173 207 30 34 253 187 100 241 171 57 111 158 153 236 133 219 187 87 220 236 133 219 247 125 250 166 100 6 149 13 212 156 215 152 36 97 197 75 49 254 76 119 64 134 167 94 36 97 197 166 100 6 2 38 173 2 38 173 253 187 100 118 128 253 87 255 141 88 144 204 236 133 219 99 123 137 76 119 64 253 187 100 253 187 100 204 202 252
253 187 100 48 223 215 149 13 212 57 118 211 236 133 219 187 87 220 75 49 254 236 133 219 99 123 137 2 38 173 9 10 166 57 118 211 111 158 153 247 125 250 251 176 165 75 49 254 236 133 219 134 167 94 88 144 204 253 187 100 158 157 227 111 158 153 64 106 237 9 10 166 48 223 215 75 49 254 36 97 197 204 202 252 9 10 166 236 133 219 251 176 165 76 119 64 204 202 252 217 251 37 48 223 215 87 255 141 207 30 34 9 10 166 251 176 165
88 144 204 236 133 219 76 119 64 253 187 100 236 133 219 241 171 57 120 239 103 9 10 166 134 167 94 149 13 212 156 215 152 118 128 253 204 202 252 134 167 94 2 38 173 253 187 100 76 119 64 118 128 253 241 171 57 57 118 211 48 223 215 149 13 212 36 97 197 30 63 58 204 202 252 57 118 211 236 133 219 75 49 254 2 38 173 204 202 252 36 97 197 247 125 250 75 49 254 217 251 37 48 223 215 207 30 34 87 255 141 236 133 219 158 157 227
207 30 34 30 63 58 2 38 173 99 123 137 187 87 220 236 133 219 99 123 137 64 106 237 149 13 212 156 215 152 156 215 152 156 215 152 204 202 252 57 118 211 236 133 219 118 128 253 207 30 34 247 125 250 2 38 173 187 87 220 187 87 220 76 119 64 236 133 219 118 128 253 36 97 197 166 100 6 118 128 253 48 223 215 236 133 219 99 123 137 149 13 212 120 239 103 111 158 153 75 49 254 156 215 152 75 49 254 166 100 6 57 118 211 64 106 237
76 119 64 236 133 219 9 10 166 241 171 57 166 100 6 204 202 252 36 97 197 88 144 204 158 157 227 241 171 57 166 100 6 2 38 173 156 215 152 30 63 58 36 97 197 120 239 103 99 123 137 99 123 137 111 158 153 247 125 250 76 119 64 76 119 64 149 13 212 217 251 37 247 125 250 9 10 166 118 128 253 207 30 34 217 251 37 120 239 103 149 13 212 166 100 6 75 49 254 241 171 57 158 157 227 36 97 197 204 202 252 76 119 64 2 38 173
2 38 173 134 167 94 87 255 141 57 118 211 187 87 220 75 49 254 88 144 204 9 10 166 217 251 37 64 106 237 76 119 64 247 125 250 57 118 211 99 123 137 76 119 64 187 87 220 111 158 153 158 157 227 156 215 152 99 123 137 88 144 204 36 97 197 207 30 34 87 255 141 111 158 153 118 128 253 166 100 6 64 106 237 241 171 57 187 87 220 64 106 237 247 125 250 247 125 250 87 255 141 64 106 237 87 255 141 75 49 254 64 106 237 217 251 37
2 38 173 187 87 220 76 119 64 166 100 6 48 223 215 111 158 153 2 38 173 207 30 34 204 202 252 57 118 211 76 119 64 236 133 219 247 125 250 247 125 250 251 176 165 36 97 197 253 187 100 36 97 197 111 158 153 251 176 165 158 157 227 88 144 204 204 202 252 75 49 254 99 123 137 2 38 173 2 38 173 149 13 212 247 125 250 64 106 237 166 100 6 2 38 173 158 157 227 166 100 6 111 158 153 30 63 58 236 133 219 88 144 204 187 87 220
134 167 94 76 119 64 253 187 100 187 87 220 149 13 212 156 215 152 36 97 197 88 144 204 99 123 137 111 158 153 207 30 34 251 176 165 64 106 237 88 144 204 76 119 64 99 123 137 166 100 6 64 106 237 88 144 204 64 106 237 88 144 204 241 171 57 253 187 100 204 202 252 158 157 227 158 157 227 247 125 250 236 133 219 120 239 103 253 187 100 30 63 58 9 10 166 204 202 252 217 251 37 247 125 250 118 128 253 149 13 212 118 128 253 48 223 215
48 223 215 88 144 204 166 100 6 166 100 6 88 144 204 247 125 250 57 118 211 30 63 58 57 118 211 48 223 215 36 97 197 120 239 103 247 125 250 236 133 219 64 106 237 9 10 166 166 100 6 241 171 57 158 157 227 75 49 254 48 223 215 217 251 37 156 215 152 36 97 197 251 176 165 253 187 100 217 251 37 251 176 165 149 13 212 187 87 220 36 97 197 9 10 166 247 125 250 99 123 137 236 133 219 57 118 211 118 128 253 88 144 204 2 38 173
9 10 166 88 144 204 236 133 219 118 128 253 251 176 165 57 118 211 187 87 220 87 255 141 187 87 220 76 119 64 253 187 100 9 10 166 166 100 6 158 157 227 251 176 165 99 123 137 241 171 57 87 255 141 134 167 94 207 30 34 247 125 250 30 63 58 57 118 211 36 97 197 87 255 141 207 30 34 88 144 204 207 30 34 251 176 165 149 13 212 64 106 237 99 123 137 236 133 219 64 106 237 217 251 37 253 187 100 111 158 153 30 63 58 158 157 227
207 30 34 48 223 215 134 167 94 241 171 57 253 187 100 2 38 173 166 100 6 111 158 153 2 38 173 158 157 227 118 128 253 156 215 152 204 202 252 99 123 137 187 87 220 241 171 57 251 176 165 187 87 220 156 215 152 2 38 173 2 38 173 30 63 58 76 119 64 64 106 237 251 176 165 48 223 215 87 255 141 2 38 173 87 255 141 134 167 94 236 133 219 2 38 173 118 128 253 236 133 219 149 13 212 48 223 215 57 118 211 120 239 103 251 176 165
2 38 173 251 176 165 158 157 227 158 157 227 187 87 220 30 63 58 217 251 37 251 176 165 99 123 137 149 13 212 99 123 137 87 255 141 149 13 212 217 251 37 9 10 166 36 97 197 217 251 37 87 255 141 30 63 58 158 157 227 36 97 197 2 38 173 30 63 58 204 202 252 64 106 237 30 63 58 36 97 197 87 255 141 217 251 37 158 157 227 156 215 152 247 125 250 64 106 237 36 97 197 187 87 220 253 187 100 64 106 237 251 176 165 111 158 153
36 97 197 99 123 137 87 255 141 247 125 250 134 167 94 111 158 153 2 38 173 204 202 252 30 63 58 156 215 152 134 167 94 187 87 220 134 167 94 247 125 250 2 38 173 36 97 197 76 119 64 247 125 250 247 125 250 253 187 100 48 223 215 99 123 137 99 123 137 76 119 64 88 144 204 134 167 94 247 125 250 241 171 57 149 13 212 120 239 103 156 215 152 134 167 94 204 202 252 253 187 100 76 119 64 156 215 152 253 187 100 253 187 100 187 87 220
236 133 219 166 100 6 156 215 152 30 63 58 158 157 227 247 125 250 251 176 165 57 118 211 166 100 6 36 97 197 251 176 165 36 97 197 166 100 6 88 144 204 187 87 220 99 123 137 76 119 64 120 239 103 156 215 152 207 30 34 2 38 173 217 251 37 187 87 220 57 118 211 2 38 173 204 202 252 30 63 58 111 158 153 204 202 252 217 251 37 204 202 252 64 106 237 48 223 215 2 38 173 204 202 252 120 239 103 87 255 141 149 13 212 134 167 94
76 119 64 64 106 237 64 106 237 118 128 253 120 239 103 241 171 57 149 13 212 158 157 227 217 251 37 251 176 165 241 171 57 30 63 58 76 119 64 48 223 215 247 125 250 48 223 215 241 171 57 156 215 152 88 144 204 204 202 252 75 49 254 9 10 166 118 128 253 118 128 253 36 97 197 87 255 141 149 13 212 87 255 141 36 97 197 88 144 204 134 167 94 134 167 94 217 251 37 187 87 220 57 118 211 64 106 237 236 133 219 156 215 152 118 128 253
156 215 152 36 97 197 187 87 220 99 123 137 149 13 212 2 38 173 30 63 58 149 13 212 217 251 37 64 106 237 204 202 252 64 106 237 118 128 253 251 176 165 75 49 254 57 118 211 87 255 141 166 100 6 134 167 94 156 215 152 9 10 166 87 255 141 251 176 165 253 187 100 149 13 212 30 63 58 247 125 250 118 128 253 207 30 34 236 133 219 253 187 100 253 187 100 207 30 34 75 49 254 76 119 64 88 144 204 217 251 37 187 87 220 251 176 165
251 176 165 149 13 212 217 251 37 158 157 227 217 251 37 76 119 64 207 30 34 241 171 57 247 125 250 64 106 237 134 167 94 76 119 64 156 215 152 111 158 153 57 118 211 9 10 166 87 255 141 2 38 173 75 49 254 158 157 227 87 255 141 156 215 152 9 10 166 76 119 64 99 123 137 118 128 253 2 38 173 118 128 253 187 87 220 30 63 58 134 167 94 247 125 250 120 239 103 241 171 57 88 144 204 30 63 58 64 106 237 247 125 250 64 106 237
207 30 34 76 119 64 236 133 219 207 30 34 149 13 212 156 215 152 36 97 197 253 187 100 187 87 220 120 239 103 120 239 103 217 251 37 36 97 197 88 144 204 253 187 100 247 125 250 2 38 173 217 251 37 88 144 204 99 123 137 204 202 252 99 123 137 251 176 165 156 215 152 158 157 227 76 119 64 187 87 220 75 49 254 30 63 58 9 10 166 76 119 64 118 128 253 149 13 212 236 133 219 118 128 253 253 187 100 253 187 100 99 123 137 87 255 141
217 251 37 253 187 100 30 63 58 158 157 227 2 38 173 64 106 237 204 202 252 247 125 250 48 223 215 241 171 57 134 167 94 9 10 166 120 239 103 253 187 100 253 187 100 88 144 204 111 158 153 253 187 100 118 128 253 253 187 100 241 171 57 204 202 252 247 125 250 251 176 165 236 133 219 204 202 252 134 167 94 2 38 173 217 251 37 207 30 34 236 133 219 156 215 152 87 255 141 134 167 94 118 128 253 30 63 58 64 106 237 76 119 64 99 123 137
251 176 165 156 215 152 156 215 152 134 167 94 88 144 204 217 251 37 48 223 215 207 30 34 2 38 173 120 239 103 99 123 137 36 97 197 57 118 211 76 119 64 149 13 212 64 106 237 111 158 153 99 123 137 9 10 166 48 223 215 156 215 152 149 13 212 134 167 94 9 10 166 236 133 219 134 167 94 30 63 58 217 251 37 247 125 250 149 13 212 76 119 64 99 123 137 207 30 34 158 157 227 236 133 219 57 118 211 120 239 103 134 167 94 236 133 219
99 123 137 204 202 252 64 106 237 207 30 34 57 118 211 149 13 212 48 223 215 118 128 253 187 87 220 48 223 215 76 119 64 241 171 57 241 171 57 57 118 211 134 167 94 75 49 254 158 157 227 57 118 211 75 49 254 75 49 254 48 223 215 118 128 253 217 251 37 87 255 141 247 125 250 253 187 100 247 125 250 30 63 58 57 118 211 204 202 252 75 49 254 57 118 211 118 128 253 253 187 100 30 63 58 57 118 211 99 123 137 247 125 250 236 133 219
9 10 166 156 215 152 64 106 237 111 158 153 118 128 253 241 171 57 134 167 94 76 119 64 241 171 57 207 30 34 236 133 219 247 125 250 75 49 254 111 158 153 251 176 165 187 87 220 158 157 227 99 123 137 75 49 254 87 255 141 166 100 6 236 133 219 207 30 34 217 251 37 36 97 197 204 202 252 134 167 94 57 118 211 149 13 212 99 123 137 9 10 166 253 187 100 64 106 237 30 63 58 187 87 220 57 118 211 57 118 211 204 202 252 207 30 34
2 38 173 251 176 165 166 100 6 9 10 166 99 123 137 2 38 173 166 100 6 187 87 220 64 106 237 253 187 100 75 49 254 88 144 204 253 187 100 87 255 141 118 128 253 118 128 253 247 125 250 36 97 197 87 255 141 241 171 57 251 176 165 156 215 152 120 239 103 241 171 57 156 215 152 187 87 220 87 255 141 75 49 254 48 223 215 118 128 253 156 215 152 253 187 100 87 255 141 158 157 227 120 239 103 99 123 137 166 100 6 187 87 220 247 125 250
87 255 141 76 119 64 253 187 100 64 106 237 30 63 58 57 118 211 149 13 212 48 223 215 217 251 37 241 171 57 87 255 141 166 100 6 87 255 141 247 125 250 247 125 250 57 118 211 253 187 100 36 97 197 118 128 253 236 133 219 158 157 227 36 97 197 149 13 212 57 118 211 111 158 153 187 87 220 36 97 197 207 30 34 217 251 37 253 187 100 75 49 254 253 187 100 118 128 253 134 167 94 75 49 254 134 167 94 158 157 227 251 176 165 134 167 94
99 123 137 247 125 250 247 125 250 111 158 153 134 167 94 57 118 211 36 97 197 247 125 250 2 38 173 251 176 165 149 13 212 75 49 254 204 202 252 149 13 212 251 176 165 236 133 219 48 223 215 251 176 165 36 97 197 64 106 237 247 125 250 88 144 204 64 106 237 76 119 64 48 223 215 217 251 37 236 133 219 36 97 197 120 239 103 30 63 58 247 125 250 88 144 204 88 144 204 204 202 252 2 38 173 134 167 94 187 87 220 2 38 173 76 119 64
247 125 250 187 87 220 251 176 165 253 187 100 187 87 220 253 187 100 36 97 197 241 171 57 2 38 173 236 133 219 118 128 253 57 118 211 88 144 204 2 38 173 251 176 165 134 167 94 118 128 253 166 100 6 57 118 211 30 63 58 120 239 103 187 87 220 241 171 57 30 63 58 120 239 103 204 202 252 236 133 219 207 30 34 75 49 254 236 133 219 2 38 173 87 255 141 241 171 57 99 123 137 88 144 204 166 100 6 30 63 58 204 202 252 217 251 37
187 87 220 118 128 253 9 10 166 236 133 219 207 30 34 251 176 165 111 158 153 166 100 6 207 30 34 87 255 141 30 63 58 253 187 100 76 119 64 251 176 165 207 30 34 207 30 34 134 167 94 217 251 37 236 133 219 76 119 64 2 38 173 9 10 166 88 144 204 251 176 165 187 87 220 247 125 250 207 30 34 120 239 103 134 167 94 187 87 220 30 63 58 247 125 250 134 167 94 247 125 250 111 158 153 87 255 141 134 167 94 36 97 197 118 128 253
207 30 34 149 13 212 158 157 227 75 49 254 120 239 103 64 106 237 88 144 204 87 255 141 75 49 254 158 157 227 36 97 197 76 119 64 76 119 64 156 215 152 187 87 220 111 158 153 158 157 227 166 100 6 149 13 212 149 13 212 2 38 173 87 255 141 207 30 34 57 118 211 241 171 57 75 49 254 253 187 100 187 87 220 134 167 94 111 158 153 118 128 253 134 167 94 9 10 166 241 171 57 75 49 254 36 97 197 217 251 37 166 100 6 217 251 37
87 255 141 166 100 6 166 100 6 156 215 152 253 187 100 217 251 37 64 106 237 187 87 220 57 118 211 48 223 215 76 119 64 247 125 250 76 119 64 204 202 252 76 119 64 2 38 173 88 144 204 120 239 103 253 187 100 166 100 6 149 13 212 118 128 253 156 215 152 36 97 197 99 123 137 57 118 211 87 255 141 118 128 253 158 157 227 99 123 137 99 123 137 9 10 166 30 63 58 134 167 94 64 106 237 149 13 212 134 167 94 149 13 212 149 13 212
75 49 254 9 10 166 120 239 103 236 133 219 149 13 212 217 251 37 64 106 237 118 128 253 48 223 215 187 87 220 134 167 94 134 167 94 75 49 254 9 10 166 99 123 137 64 106 237 217 251 37 88 144 204 87 255 141 64 106 237 99 123 137 253 187 100 111 158 153 9 10 166 236 133 219 217 251 37 64 106 237 253 187 100 251 176 165 247 125 250 64 106 237 149 13 212 207 30 34 120 239 103 158 157 227 217 251 37 134 167 94 207 30 34 2 38 173
88 144 204 30 63 58 251 176 165 76 119 64 64 106 237 217 251 37 204 202 252 134 167 94 2 38 173 36 97 197 207 30 34 64 106 237 99 123 137 120 239 103 111 158 153 236 133 219 88 144 204 134 167 94 2 38 173 30 63 58 158 157 227 2 38 173 76 119 64 36 97 197 207 30 34 57 118 211 64 106 237 99 123 137 204 202 252 247 125 250 187 87 220 158 157 227 36 97 197 118 128 253 158 157 227 57 118 211 48 223 215 99 123 137 236 133 219
204 202 252 158 157 227 156 215 152 111 158 153 57 118 211 9 10 166 120 239 103 149 13 212 9 10 166 207 30 34 64 106 237 236 133 219 187 87 220 2 38 173 88 144 204 253 187 100 207 30 34 158 157 227 166 100 6 75 49 254 241 171 57 120 239 103 99 123 137 253 187 100 30 63 58 2 38 173 166 100 6 57 118 211 2 38 173 158 157 227 187 87 220 166 100 6 158 157 227 149 13 212 134 167 94 149 13 212 134 167 94 88 144 204 236 133 219
64 106 237 207 30 34 247 125 250 156 215 152 236 133 219 166 100 6 156 215 152 187 87 220 87 255 141 57 118 211 99 123 137 57 118 211 207 30 34 76 119 64 204 202 252 247 125 250 187 87 220 149 13 212 204 202 252 134 167 94 75 49 254 48 223 215 76 119 64 111 158 153 9 10 166 88 144 204 99 123 137 134 167 94 241 171 57 88 144 204 64 106 237 57 118 211 99 123 137 57 118 211 64 106 237 57 118 211 251 176 165 247 125 250 88 144 204
36 97 197 149 13 212 207 30 34 207 30 34 87 255 141 236 133 219 118 128 253 158 157 227 64 106 237 2 38 173 187 87 220 36 97 197 166 100 6 134 167 94 76 119 64 149 13 212 75 49 254 111 158 153 88 144 204 247 125 250 99 123 137 118 128 253 149 13 212 149 13 212 57 118 211 88 144 204 241 171 57 134 167 94 158 157 227 36 97 197 120 239 103 207 30 34 207 30 34 88 144 204 236 133 219 247 125 250 187 87 220 99 123 137 158 157 227
99 123 137 111 158 153 158 157 227 87 255 141 120 239 103 57 118 211 9 10 166 120 239 103 75 49 254 187 87 220 87 255 141 120 239 103 2 38 173 187 87 220 64 106 237 217 251 37 88 144 204 2 38 173 207 30 34 204 202 252 87 255 141 247 125 250 204 202 252 87 255 141 2 38 173 134 167 94 118 128 253 251 176 165 120 239 103 48 223 215 247 125 250 64 106 237 76 119 64 241 171 57 57 118 211 149 13 212 156 215 152 166 100 6 241 171 57
2 38 173 87 255 141 36 97 197 253 187 100 158 157 227 158 157 227 251 176 165 207 30 34 134 167 94 48 223 215 9 10 166 88 144 204 149 13 212 251 176 165 134 167 94 166 100 6 120 239 103 30 63 58 241 171 57 156 215 152 9 10 166 134 167 94 156 215 152 156 215 152 134 167 94 187 87 220 118 128 253 30 63 58 99 123 137 166 100 6 36 97 197 253 187 100 64 106 237 217 251 37 236 133 219 241 171 57 207 30 34 149 13 212 187 87 220
236 133 219 99 123 137 57 118 211 247 125 250 217 251 37 118 128 253 76 119 64 57 118 211 204 202 252 87 255 141 64 106 237 57 118 211 120 239 103 204 202 252 166 100 6 111 158 153 247 125 250 156 215 152 76 119 64 75 49 254 134 167 94 251 176 165 75 49 254 75 49 254 207 30 34 57 118 211 204 202 252 253 187 100 134 167 94 75 49 254 118 128 253 75 49 254 2 38 173 217 251 37 30 63 58 253 187 100 217 251 37 217 251 37 30 63 58
156 215 152 149 13 212 75 49 254 64 106 237 158 157 227 217 251 37 75 49 254 187 87 220 247 125 250 88 144 204 253 187 100 166 100 6 99 123 137 120 239 103 30 63 58 158 157 227 118 128 253 134 167 94 149 13 212 88 144 204 134 167 94 75 49 254 253 187 100 247 125 250 75 49 254 156 215 152 187 87 220 166 100 6 88 144 204 99 123 137 76 119 64 236 133 219 30 63 58 87 255 141 149 13 212 204 202 252 99 123 137 166 100 6 207 30 34
111 158 153 204 202 252 48 223 215 149 13 212 75 49 254 2 38 173 88 144 204 204 202 252 2 38 173 99 123 137 166 100 6 48 223 215 87 255 141 251 176 165 57 118 211 247 125 250 166 100 6 156 215 152 158 157 227 76 119 64 149 13 212 247 125 250 30 63 58 87 255 141 64 106 237 75 49 254 207 30 34 64 106 237 149 13 212 76 119 64 251 176 165 64 106 237 187 87 220 2 38 173 187 87 220 217 251 37 207 30 34 247 125 250 30 63 58
158 157 227 158 157 227 134 167 94 30 63 58 158 157 227 253 187 100 30 63 58 9 10 166 247 125 250 156 215 152 251 176 165 236 133 219 251 176 165 207 30 34 118 128 253 217 251 37 9 10 166 36 97 197 118 128 253 149 13 212 2 38 173 30 63 58 120 239 103 166 100 6 64 106 237 187 87 220 247 125 250 99 123 137 247 125 250 134 167 94 99 123 137 251 176 165 251 176 165 2 38 173 149 13 212 217 251 37 118 128 253 88 144 204 75 49 254
36 97 197 166 100 6 251 176 165 88 144 204 64 106 237 204 202 252 64 106 237 158 157 227 204 202 252 111 158 153 204 202 252 207 30 34 217 251 37 57 118 211 111 158 153 217 251 37 253 187 100 57 118 211 158 157 227 187 87 220 36 97 197 48 223 215 120 239 103 156 215 152 64 106 237 204 202 252 158 157 227 204 202 252 9 10 166 64 106 237 236 133 219 99 123 137 48 223 215 48 223 215 187 87 220 187 87 220 204 202 252 253 187 100 64 106 237
158 157 227 134 167 94 2 38 173 87 255 141 30 63 58 251 176 165 118 128 253 204 202 252 187 87 220 158 157 227 241 171 57 251 176 165 64 106 237 111 158 153 149 13 212 247 125 250 88 144 204 204 202 252 36 97 197 241 171 57 9 10 166 99 123 137 48 223 215 118 128 253 217 251 37 207 30 34 253 187 100 253 187 100 30 63 58 156 215 152 87 255 141 48 223 215 30 63 58 251 176 165 99 123 137 111 158 153 111 158 153 36 97 197 57 118 211
241 171 57 166 100 6 57 118 211 134 167 94 187 87 220 120 239 103 88 144 204 99 123 137 253 187 100 241 171 57 9 10 166 134 167 94 99 123 137 2 38 173 120 239 103 118 128 253 247 125 250 57 118 211 75 49 254 76 119 64 2 38 173 64 106 237 251 176 165 118 128 253 2 38 173 48 223 215 187 87 220 111 158 153 187 87 220 217 251 37 48 223 215 87 255 141 241 171 57 187 87 220 111 158 153 36 97 197 217 251 37 236 133 219 241 171 57
