0 2 4 1 3 5 
0 2 4 1 3 5 
0 2 4 1 3 5 
0 2 4 1 3 5 
0 2 4 1 3 5 
0 2 4 1 3 5 
0 2 4 1 3 5 
0 2 4 1 3 5 
0 2 4 1 3 5 
0 2 4 1 3 5 
0 2 4 1 3 5 
0 2 4 1 3 5 
0 2 4 1 3 5 
0 2 4 1 3 5 
0 2 4 1 3 5 
0 2 4 1 3 5 
0 2 5 3 1 4 
0 2 5 3 1 4 
0 2 5 3 1 4 
0 2 5 3 1 4 
0 2 5 3 1 4 
0 2 5 3 1 4 
0 2 5 3 1 4 
0 2 5 3 1 4 
0 2 5 3 1 4 
0 2 5 3 1 4 
0 2 5 3 1 4 
0 2 5 3 1 4 
0 2 5 3 1 4 
0 2 5 3 1 4 
0 2 5 3 1 4 
0 2 5 3 1 4 
0 3 5 2 4 1 
0 3 5 2 4 1 
0 3 5 2 4 1 
0 3 5 2 4 1 
0 3 5 2 4 1 
0 3 5 2 4 1 
0 3 5 2 4 1 
0 3 5 2 4 1 
0 3 5 2 4 1 
0 3 5 2 4 1 
0 3 5 2 4 1 
0 3 5 2 4 1 
0 3 5 2 4 1 
0 3 5 2 4 1 
0 3 5 2 4 1 
0 3 5 2 4 1 
0 3 1 4 2 5 
0 3 1 4 2 5 
0 3 1 4 2 5 
0 3 1 4 2 5 
0 3 1 4 2 5 
0 3 1 4 2 5 
0 3 1 4 2 5 
0 3 1 4 2 5 
0 3 1 4 2 5 
0 3 1 4 2 5 
0 3 1 4 2 5 
0 3 1 4 2 5 
0 3 1 4 2 5 
0 3 1 4 2 5 
0 3 1 4 2 5 
0 3 1 4 2 5 
64
